START_POS_1 POSITION,START_POS_1 LAP TIME,START_POS_1 ELAPSED TIME,START_POS_2 POSITION,START_POS_2 LAP TIME,START_POS_2 ELAPSED TIME,START_POS_3 POSITION,START_POS_3 LAP TIME,START_POS_3 ELAPSED TIME,START_POS_4 POSITION,START_POS_4 LAP TIME,START_POS_4 ELAPSED TIME,season,competition,event,gender,round,race
2,17.351,17.351,3,17.505,17.505,4,17.724,17.724,1,17.101,17.101,2002-2003,2002 World Cup 3   Russia,1000M,w,QuarterFinals,1
2,12.443,29.794,4,12.441,29.946,3,12.222,29.945,1,12.632,29.732,2002-2003,2002 World Cup 3   Russia,1000M,w,QuarterFinals,1
2,11.342,41.135,3,11.335,41.280,4,11.349,41.294,1,11.232,40.964,2002-2003,2002 World Cup 3   Russia,1000M,w,QuarterFinals,1
3,10.005,51.140,2,9.811,51.090,4,9.909,51.202,1,9.985,50.949,2002-2003,2002 World Cup 3   Russia,1000M,w,QuarterFinals,1
3,9.581,1:00.720,4,9.739,1:00.829,2,9.438,1:00.640,1,9.593,1:00.542,2002-2003,2002 World Cup 3   Russia,1000M,w,QuarterFinals,1
2,9.481,1:10.201,3,9.599,1:10.427,4,34.570,1:35.209,1,9.533,1:10.074,2002-2003,2002 World Cup 3   Russia,1000M,w,QuarterFinals,1
2,9.794,1:19.994,3,9.827,1:20.254,4,19.451,1:54.660,1,9.620,1:19.694,2002-2003,2002 World Cup 3   Russia,1000M,w,QuarterFinals,1
2,9.902,1:29.896,3,9.902,1:30.156,4,12.803,2:07.462,1,9.968,1:29.662,2002-2003,2002 World Cup 3   Russia,1000M,w,QuarterFinals,1
2,10.15,1:40.046,3,10.48,1:40.634,4,11.51,2:18.967,1,10.37,1:40.027,2002-2003,2002 World Cup 3   Russia,1000M,w,QuarterFinals,1
