START_POS_1 POSITION,START_POS_1 LAP TIME,START_POS_1 ELAPSED TIME,START_POS_2 POSITION,START_POS_2 LAP TIME,START_POS_2 ELAPSED TIME,START_POS_3 POSITION,START_POS_3 LAP TIME,START_POS_3 ELAPSED TIME,START_POS_4 POSITION,START_POS_4 LAP TIME,START_POS_4 ELAPSED TIME,START_POS_5 POSITION,START_POS_5 LAP TIME,START_POS_5 ELAPSED TIME,season,competition,event,gender,round,race
1,13.452,13.452,2,13.613,13.613,5,13.928,13.928,4,13.655,13.655,3,13.617,13.617,2002-2003,"2003 World Championships, Poland",1000M,m,Preliminaries,7
1,10.241,23.692,2,10.186,23.798,5,10.287,24.214,3,10.213,23.867,4,10.399,24.016,2002-2003,"2003 World Championships, Poland",1000M,m,Preliminaries,7
1,10.209,33.900,2,10.243,34.041,5,10.210,34.424,3,10.276,34.143,4,10.161,34.176,2002-2003,"2003 World Championships, Poland",1000M,m,Preliminaries,7
4,10.433,44.333,3,10.215,44.256,2,9.781,44.205,1,10.047,44.189,5,10.312,44.488,2002-2003,"2003 World Championships, Poland",1000M,m,Preliminaries,7
5,10.097,54.429,2,9.697,53.952,3,9.777,53.982,1,9.598,53.787,4,9.666,54.153,2002-2003,"2003 World Championships, Poland",1000M,m,Preliminaries,7
5,9.852,1:04.281,2,9.898,1:03.850,4,10.108,1:04.089,1,9.914,1:03.700,3,9.931,1:04.084,2002-2003,"2003 World Championships, Poland",1000M,m,Preliminaries,7
4,9.978,1:14.258,1,9.397,1:13.247,5,10.174,1:14.263,2,9.683,1:13.383,3,9.626,1:13.709,2002-2003,"2003 World Championships, Poland",1000M,m,Preliminaries,7
4,9.897,1:24.155,1,9.501,1:22.747,5,10.683,1:24.945,2,9.552,1:22.934,3,9.805,1:23.514,2002-2003,"2003 World Championships, Poland",1000M,m,Preliminaries,7
4,10.59,1:34.740,1,9.88,1:32.623,5,10.69,1:35.635,2,9.84,1:32.770,3,10.16,1:33.674,2002-2003,"2003 World Championships, Poland",1000M,m,Preliminaries,7
