START_POS_1 POSITION,START_POS_1 LAP TIME,START_POS_1 ELAPSED TIME,START_POS_2 POSITION,START_POS_2 LAP TIME,START_POS_2 ELAPSED TIME,START_POS_3 POSITION,START_POS_3 LAP TIME,START_POS_3 ELAPSED TIME,START_POS_4 POSITION,START_POS_4 LAP TIME,START_POS_4 ELAPSED TIME,season,competition,event,gender,round,race
1,13.382,13.382,2,13.483,13.483,3,13.617,13.617,4,13.803,13.803,2003-2004,"2004 European Championships, Netherlands",1000M,m,Heats,4
1,11.332,24.714,2,11.413,24.896,3,11.453,25.069,4,11.326,25.128,2003-2004,"2004 European Championships, Netherlands",1000M,m,Heats,4
1,11.267,35.981,2,11.101,35.997,3,11.045,36.113,4,11.156,36.284,2003-2004,"2004 European Championships, Netherlands",1000M,m,Heats,4
1,10.389,46.370,2,10.377,46.374,3,10.365,46.478,4,10.360,46.644,2003-2004,"2004 European Championships, Netherlands",1000M,m,Heats,4
2,9.805,56.174,1,9.661,56.034,3,9.849,56.327,4,9.865,56.508,2003-2004,"2004 European Championships, Netherlands",1000M,m,Heats,4
1,9.687,1:05.861,3,9.992,1:06.025,2,9.620,1:05.946,4,9.836,1:06.344,2003-2004,"2004 European Championships, Netherlands",1000M,m,Heats,4
1,9.378,1:15.239,3,9.789,1:15.814,2,9.684,1:15.630,4,9.834,1:16.178,2003-2004,"2004 European Championships, Netherlands",1000M,m,Heats,4
1,9.523,1:24.761,4,30.616,1:46.429,2,9.710,1:25.339,3,10.154,1:26.331,2003-2004,"2004 European Championships, Netherlands",1000M,m,Heats,4
1,10.08,1:34.840,4,14.93,2:01.354,2,10.30,1:35.637,3,10.64,1:36.967,2003-2004,"2004 European Championships, Netherlands",1000M,m,Heats,4
