START_POS_1 POSITION,START_POS_1 LAP TIME,START_POS_1 ELAPSED TIME,START_POS_2 POSITION,START_POS_2 LAP TIME,START_POS_2 ELAPSED TIME,START_POS_3 POSITION,START_POS_3 LAP TIME,START_POS_3 ELAPSED TIME,START_POS_4 POSITION,START_POS_4 LAP TIME,START_POS_4 ELAPSED TIME,START_POS_5 POSITION,START_POS_5 LAP TIME,START_POS_5 ELAPSED TIME,season,competition,event,gender,round,race
4,13.413,13.413,5,13.563,13.563,3,13.381,13.381,2,13.125,13.125,1,12.954,12.954,2003-2004,"2003 World Cup 2, USA",1000M,m,Heats,8
1,9.657,23.070,5,10.248,23.811,4,10.290,23.671,3,10.272,23.397,2,10.282,23.236,2003-2004,"2003 World Cup 2, USA",1000M,m,Heats,8
2,10.070,33.140,5,9.775,33.586,4,9.771,33.441,3,9.867,33.263,1,9.812,33.047,2003-2004,"2003 World Cup 2, USA",1000M,m,Heats,8
4,10.081,43.220,5,9.927,43.512,2,9.691,43.132,3,9.951,43.213,1,9.955,43.001,2003-2004,"2003 World Cup 2, USA",1000M,m,Heats,8
4,9.690,52.910,5,9.535,53.047,2,9.370,52.501,3,9.482,52.695,1,9.464,52.465,2003-2004,"2003 World Cup 2, USA",1000M,m,Heats,8
4,9.358,1:02.267,5,9.368,1:02.414,2,9.485,1:01.986,3,9.346,1:02.040,1,9.449,1:01.914,2003-2004,"2003 World Cup 2, USA",1000M,m,Heats,8
3,9.562,1:11.829,5,9.502,1:11.916,4,9.894,1:11.880,1,9.377,1:11.416,2,9.835,1:11.749,2003-2004,"2003 World Cup 2, USA",1000M,m,Heats,8
4,9.740,1:21.569,2,9.394,1:21.309,5,9.919,1:21.798,1,9.599,1:21.014,3,9.666,1:21.414,2003-2004,"2003 World Cup 2, USA",1000M,m,Heats,8
3,9.80,1:31.368,2,9.72,1:31.023,4,10.47,1:32.268,1,9.83,1:30.835,5,25.21,1:46.615,2003-2004,"2003 World Cup 2, USA",1000M,m,Heats,8
