START_POS_1 POSITION,START_POS_1 LAP TIME,START_POS_1 ELAPSED TIME,START_POS_2 POSITION,START_POS_2 LAP TIME,START_POS_2 ELAPSED TIME,START_POS_3 POSITION,START_POS_3 LAP TIME,START_POS_3 ELAPSED TIME,START_POS_4 POSITION,START_POS_4 LAP TIME,START_POS_4 ELAPSED TIME,season,competition,event,gender,round,race
3,11.971,11.971,1,11.468,11.468,2,11.708,11.708,4,12.028,12.028,2003-2004,"2004 World Cup 6, Italy",5000MRelay,m,SemiFinals,1
2,9.349,21.319,1,9.441,20.909,,,,3,9.572,21.599,2003-2004,"2004 World Cup 6, Italy",5000MRelay,m,SemiFinals,1
3,9.366,30.685,1,9.278,30.186,2,,30.638,4,9.378,30.976,2003-2004,"2004 World Cup 6, Italy",5000MRelay,m,SemiFinals,1
3,9.126,39.810,1,8.899,39.085,2,8.894,39.531,4,9.150,40.125,2003-2004,"2004 World Cup 6, Italy",5000MRelay,m,SemiFinals,1
2,9.126,48.936,1,9.325,48.410,3,9.517,49.047,4,9.100,49.225,2003-2004,"2004 World Cup 6, Italy",5000MRelay,m,SemiFinals,1
4,9.319,58.254,1,9.296,57.706,2,8.921,57.968,3,8.890,58.114,2003-2004,"2004 World Cup 6, Italy",5000MRelay,m,SemiFinals,1
3,8.731,1:06.985,1,8.876,1:06.581,2,8.915,1:06.882,4,8.997,1:07.111,2003-2004,"2004 World Cup 6, Italy",5000MRelay,m,SemiFinals,1
3,9.036,1:16.020,2,9.439,1:16.019,1,9.065,1:15.947,4,9.155,1:16.266,2003-2004,"2004 World Cup 6, Italy",5000MRelay,m,SemiFinals,1
2,8.985,1:25.004,4,9.168,1:25.186,1,8.850,1:24.796,3,8.855,1:25.120,2003-2004,"2004 World Cup 6, Italy",5000MRelay,m,SemiFinals,1
1,8.714,1:33.717,3,9.145,1:34.331,2,9.226,1:34.021,4,9.453,1:34.572,2003-2004,"2004 World Cup 6, Italy",5000MRelay,m,SemiFinals,1
1,8.945,1:42.662,4,9.059,1:43.389,2,8.666,1:42.687,3,8.811,1:43.383,2003-2004,"2004 World Cup 6, Italy",5000MRelay,m,SemiFinals,1
1,8.477,1:51.139,3,8.889,1:52.278,2,8.536,1:51.222,4,8.896,1:52.279,2003-2004,"2004 World Cup 6, Italy",5000MRelay,m,SemiFinals,1
2,8.889,2:00.028,3,8.610,2:00.887,1,8.546,1:59.768,4,9.074,2:01.353,2003-2004,"2004 World Cup 6, Italy",5000MRelay,m,SemiFinals,1
1,8.874,2:08.901,3,8.385,2:09.272,2,9.200,2:08.967,4,9.252,2:10.604,2003-2004,"2004 World Cup 6, Italy",5000MRelay,m,SemiFinals,1
1,9.041,2:17.941,3,9.404,2:18.676,2,9.102,2:18.068,4,8.918,2:19.522,2003-2004,"2004 World Cup 6, Italy",5000MRelay,m,SemiFinals,1
1,9.047,2:26.988,3,8.834,2:27.509,2,9.323,2:27.391,4,8.934,2:28.455,2003-2004,"2004 World Cup 6, Italy",5000MRelay,m,SemiFinals,1
1,8.976,2:35.963,2,8.621,2:36.130,3,8.846,2:36.236,4,8.985,2:37.440,2003-2004,"2004 World Cup 6, Italy",5000MRelay,m,SemiFinals,1
1,8.624,2:44.587,3,8.900,2:45.030,2,8.729,2:44.965,4,9.360,2:46.800,2003-2004,"2004 World Cup 6, Italy",5000MRelay,m,SemiFinals,1
1,8.966,2:53.552,3,8.988,2:54.017,2,8.769,2:53.733,4,9.226,2:56.025,2003-2004,"2004 World Cup 6, Italy",5000MRelay,m,SemiFinals,1
1,8.725,3:02.277,3,8.835,3:02.852,2,8.635,3:02.367,4,8.852,3:04.877,2003-2004,"2004 World Cup 6, Italy",5000MRelay,m,SemiFinals,1
2,8.658,3:10.935,3,8.747,3:11.598,1,8.556,3:10.923,4,9.003,3:13.880,2003-2004,"2004 World Cup 6, Italy",5000MRelay,m,SemiFinals,1
1,8.810,3:19.744,3,8.940,3:20.538,2,8.970,3:19.892,4,8.823,3:22.702,2003-2004,"2004 World Cup 6, Italy",5000MRelay,m,SemiFinals,1
2,8.816,3:28.560,3,8.721,3:29.259,1,8.516,3:28.408,4,9.445,3:32.147,2003-2004,"2004 World Cup 6, Italy",5000MRelay,m,SemiFinals,1
2,8.644,3:37.204,3,8.876,3:38.135,1,8.783,3:37.191,4,9.107,3:41.253,2003-2004,"2004 World Cup 6, Italy",5000MRelay,m,SemiFinals,1
2,9.015,3:46.219,3,8.572,3:46.706,1,8.974,3:46.164,4,9.222,3:50.475,2003-2004,"2004 World Cup 6, Italy",5000MRelay,m,SemiFinals,1
2,8.939,3:55.157,3,9.000,3:55.706,1,8.891,3:55.055,4,9.057,3:59.531,2003-2004,"2004 World Cup 6, Italy",5000MRelay,m,SemiFinals,1
2,8.857,4:04.013,3,8.811,4:04.516,1,8.805,4:03.860,4,9.188,4:08.718,2003-2004,"2004 World Cup 6, Italy",5000MRelay,m,SemiFinals,1
1,8.879,4:12.892,3,8.850,4:13.365,2,9.067,4:12.927,4,9.054,4:17.772,2003-2004,"2004 World Cup 6, Italy",5000MRelay,m,SemiFinals,1
2,8.934,4:21.826,3,9.125,4:22.490,1,8.848,4:21.775,4,9.583,4:27.355,2003-2004,"2004 World Cup 6, Italy",5000MRelay,m,SemiFinals,1
1,8.876,4:30.701,3,9.097,4:31.586,2,9.072,4:30.846,4,9.384,4:36.739,2003-2004,"2004 World Cup 6, Italy",5000MRelay,m,SemiFinals,1
1,9.189,4:39.890,3,9.012,4:40.597,2,9.055,4:39.900,4,9.350,4:46.088,2003-2004,"2004 World Cup 6, Italy",5000MRelay,m,SemiFinals,1
1,9.048,4:48.937,3,8.675,4:49.272,2,9.231,4:49.131,4,9.376,4:55.464,2003-2004,"2004 World Cup 6, Italy",5000MRelay,m,SemiFinals,1
2,8.858,4:57.795,3,9.178,4:58.449,1,8.543,4:57.674,4,8.787,5:04.250,2003-2004,"2004 World Cup 6, Italy",5000MRelay,m,SemiFinals,1
1,8.660,5:06.454,3,9.098,5:07.546,2,9.052,5:06.725,4,9.326,5:13.576,2003-2004,"2004 World Cup 6, Italy",5000MRelay,m,SemiFinals,1
1,9.023,5:15.477,3,9.545,5:17.091,2,8.820,5:15.545,4,9.460,5:23.036,2003-2004,"2004 World Cup 6, Italy",5000MRelay,m,SemiFinals,1
1,8.712,5:24.189,3,9.080,5:26.170,2,9.111,5:24.655,4,9.780,5:32.815,2003-2004,"2004 World Cup 6, Italy",5000MRelay,m,SemiFinals,1
1,9.156,5:33.345,3,9.455,5:35.625,2,9.089,5:33.744,4,9.761,5:42.576,2003-2004,"2004 World Cup 6, Italy",5000MRelay,m,SemiFinals,1
1,8.820,5:42.164,3,9.284,5:44.909,2,8.699,5:42.442,4,9.381,5:51.956,2003-2004,"2004 World Cup 6, Italy",5000MRelay,m,SemiFinals,1
2,8.929,5:51.093,3,10.052,5:54.960,1,8.526,5:50.968,4,9.326,6:01.282,2003-2004,"2004 World Cup 6, Italy",5000MRelay,m,SemiFinals,1
2,9.154,6:00.247,3,10.006,6:04.966,1,8.804,5:59.771,4,9.129,6:10.411,2003-2004,"2004 World Cup 6, Italy",5000MRelay,m,SemiFinals,1
1,9.139,6:09.385,3,9.814,6:14.779,2,9.786,6:09.557,4,9.755,6:20.166,2003-2004,"2004 World Cup 6, Italy",5000MRelay,m,SemiFinals,1
1,8.973,6:18.358,3,9.473,6:24.252,2,8.935,6:18.491,4,9.774,6:29.939,2003-2004,"2004 World Cup 6, Italy",5000MRelay,m,SemiFinals,1
1,9.135,6:27.493,3,9.487,6:33.738,2,9.654,6:28.145,4,9.294,6:39.233,2003-2004,"2004 World Cup 6, Italy",5000MRelay,m,SemiFinals,1
1,9.130,6:36.622,3,9.413,6:43.151,2,8.669,6:36.813,4,9.448,6:48.680,2003-2004,"2004 World Cup 6, Italy",5000MRelay,m,SemiFinals,1
1,9.53,6:46.144,3,10.07,6:53.216,2,9.38,6:46.184,4,9.56,6:58.234,2003-2004,"2004 World Cup 6, Italy",5000MRelay,m,SemiFinals,1
