START_POS_1 POSITION,START_POS_1 LAP TIME,START_POS_1 ELAPSED TIME,START_POS_2 POSITION,START_POS_2 LAP TIME,START_POS_2 ELAPSED TIME,START_POS_3 POSITION,START_POS_3 LAP TIME,START_POS_3 ELAPSED TIME,START_POS_4 POSITION,START_POS_4 LAP TIME,START_POS_4 ELAPSED TIME,START_POS_5 POSITION,START_POS_5 LAP TIME,START_POS_5 ELAPSED TIME,START_POS_6 POSITION,START_POS_6 LAP TIME,START_POS_6 ELAPSED TIME,season,competition,event,gender,round,race
3,12.623,12.623,5,12.953,12.953,6,13.201,13.201,1,12.419,12.419,4,12.828,12.828,2,12.567,12.567,2003-2004,"2004 European Championships, Netherlands",1000M,m,QuarterFinals,3
1,9.713,22.335,5,9.741,22.694,6,9.691,22.892,4,10.242,22.661,3,9.682,22.509,2,9.795,22.362,2003-2004,"2004 European Championships, Netherlands",1000M,m,QuarterFinals,3
1,9.594,31.929,3,9.389,32.082,6,9.614,32.505,5,9.638,32.298,4,9.637,32.145,2,9.693,32.054,2003-2004,"2004 European Championships, Netherlands",1000M,m,QuarterFinals,3
2,9.794,41.722,5,9.901,41.982,6,9.991,42.495,4,9.657,41.955,1,9.489,41.634,3,9.718,41.772,2003-2004,"2004 European Championships, Netherlands",1000M,m,QuarterFinals,3
1,9.878,51.600,5,9.893,51.875,6,9.620,52.115,3,9.802,51.756,2,10.040,51.673,4,10.089,51.861,2003-2004,"2004 European Championships, Netherlands",1000M,m,QuarterFinals,3
1,9.538,1:01.138,4,9.632,1:01.506,5,9.601,1:01.716,3,9.735,1:01.491,2,9.616,1:01.289,6,9.959,1:01.819,2003-2004,"2004 European Championships, Netherlands",1000M,m,QuarterFinals,3
1,9.676,1:10.813,6,32.931,1:34.437,4,9.593,1:11.309,3,9.490,1:10.981,2,9.602,1:10.890,5,9.637,1:11.455,2003-2004,"2004 European Championships, Netherlands",1000M,m,QuarterFinals,3
1,9.762,1:20.575,6,19.679,1:54.116,4,9.644,1:20.952,2,9.597,1:20.577,3,9.792,1:20.682,5,9.615,1:21.069,2003-2004,"2004 European Championships, Netherlands",1000M,m,QuarterFinals,3
0,,DQ,5,15.83,2:09.941,3,9.76,1:30.710,2,9.97,1:30.542,1,9.79,1:30.467,4,10.08,1:31.148,2003-2004,"2004 European Championships, Netherlands",1000M,m,QuarterFinals,3
