START_POS_1 POSITION,START_POS_1 LAP TIME,START_POS_1 ELAPSED TIME,START_POS_2 POSITION,START_POS_2 LAP TIME,START_POS_2 ELAPSED TIME,START_POS_3 POSITION,START_POS_3 LAP TIME,START_POS_3 ELAPSED TIME,START_POS_4 POSITION,START_POS_4 LAP TIME,START_POS_4 ELAPSED TIME,season,competition,event,gender,round,race
3,14.303,14.303,4,14.429,14.429,2,14.088,14.088,1,13.957,13.957,2003-2004,"2004 European Championships, Netherlands",1000M,w,QuarterFinals,1
1,10.186,24.488,4,10.317,24.745,3,10.621,24.709,2,10.744,24.700,2003-2004,"2004 European Championships, Netherlands",1000M,w,QuarterFinals,1
3,10.166,34.654,1,9.727,34.472,2,9.872,34.581,4,10.033,34.732,2003-2004,"2004 European Championships, Netherlands",1000M,w,QuarterFinals,1
3,9.801,44.455,2,9.892,44.364,1,9.704,44.284,4,9.799,44.531,2003-2004,"2004 European Championships, Netherlands",1000M,w,QuarterFinals,1
3,10.027,54.482,2,10.105,54.469,1,10.096,54.379,4,10.101,54.631,2003-2004,"2004 European Championships, Netherlands",1000M,w,QuarterFinals,1
4,10.216,1:04.698,2,10.088,1:04.556,1,10.056,1:04.435,3,10.050,1:04.680,2003-2004,"2004 European Championships, Netherlands",1000M,w,QuarterFinals,1
4,10.204,1:14.902,2,10.226,1:14.782,1,10.118,1:14.552,3,10.115,1:14.795,2003-2004,"2004 European Championships, Netherlands",1000M,w,QuarterFinals,1
3,10.484,1:25.385,2,10.225,1:25.006,1,10.259,1:24.811,4,10.607,1:25.402,2003-2004,"2004 European Championships, Netherlands",1000M,w,QuarterFinals,1
0,,DQ,2,10.56,1:35.558,1,10.42,1:35.231,3,10.86,1:36.259,2003-2004,"2004 European Championships, Netherlands",1000M,w,QuarterFinals,1
