START_POS_1 POSITION,START_POS_1 LAP TIME,START_POS_1 ELAPSED TIME,START_POS_2 POSITION,START_POS_2 LAP TIME,START_POS_2 ELAPSED TIME,START_POS_3 POSITION,START_POS_3 LAP TIME,START_POS_3 ELAPSED TIME,START_POS_4 POSITION,START_POS_4 LAP TIME,START_POS_4 ELAPSED TIME,season,competition,event,gender,round,race
3,14.169,14.169,4,14.192,14.192,2,14.143,14.143,1,14.112,14.112,2004-2005,"2005 World Cup 6, Slovakia",1000M,m,Preliminaries,14
4,10.551,24.720,1,10.395,24.586,3,10.473,24.615,2,10.485,24.597,2004-2005,"2005 World Cup 6, Slovakia",1000M,m,Preliminaries,14
4,10.099,34.818,3,10.108,34.694,1,9.791,34.406,2,10.021,34.617,2004-2005,"2005 World Cup 6, Slovakia",1000M,m,Preliminaries,14
4,9.993,44.811,3,9.878,44.571,1,10.033,44.439,2,9.908,44.524,2004-2005,"2005 World Cup 6, Slovakia",1000M,m,Preliminaries,14
4,10.249,55.060,2,10.159,54.730,1,10.223,54.661,3,10.250,54.774,2004-2005,"2005 World Cup 6, Slovakia",1000M,m,Preliminaries,14
4,10.357,1:05.416,1,10.284,1:05.014,2,10.378,1:05.039,3,10.401,1:05.175,2004-2005,"2005 World Cup 6, Slovakia",1000M,m,Preliminaries,14
4,10.479,1:15.895,2,9.810,1:14.824,1,9.566,1:14.605,3,10.014,1:15.188,2004-2005,"2005 World Cup 6, Slovakia",1000M,m,Preliminaries,14
4,10.686,1:26.581,2,10.120,1:24.943,1,9.665,1:24.269,3,9.798,1:24.986,2004-2005,"2005 World Cup 6, Slovakia",1000M,m,Preliminaries,14
4,11.82,1:38.394,2,10.34,1:35.281,1,10.16,1:34.423,3,10.35,1:35.335,2004-2005,"2005 World Cup 6, Slovakia",1000M,m,Preliminaries,14
