START_POS_1 POSITION,START_POS_1 LAP TIME,START_POS_1 ELAPSED TIME,START_POS_2 POSITION,START_POS_2 LAP TIME,START_POS_2 ELAPSED TIME,START_POS_3 POSITION,START_POS_3 LAP TIME,START_POS_3 ELAPSED TIME,START_POS_4 POSITION,START_POS_4 LAP TIME,START_POS_4 ELAPSED TIME,season,competition,event,gender,round,race
,,,3,15.685,15.685,1,14.239,14.239,2,14.279,14.279,2004-2005,"2004 World Cup 2, China, Beijing",1000M,m,Heats,3
4,,23.339,1,7.135,22.820,2,8.718,22.957,3,8.932,23.211,2004-2005,"2004 World Cup 2, China, Beijing",1000M,m,Heats,3
1,9.115,32.454,2,9.838,32.658,4,9.729,32.685,3,9.462,32.672,2004-2005,"2004 World Cup 2, China, Beijing",1000M,m,Heats,3
3,9.648,42.102,1,9.201,41.858,4,9.453,42.137,2,9.395,42.067,2004-2005,"2004 World Cup 2, China, Beijing",1000M,m,Heats,3
4,9.216,51.317,2,9.362,51.219,3,9.154,51.291,1,9.017,51.083,2004-2005,"2004 World Cup 2, China, Beijing",1000M,m,Heats,3
3,9.502,1:00.819,2,9.324,1:00.543,4,9.571,1:00.861,1,9.385,1:00.467,2004-2005,"2004 World Cup 2, China, Beijing",1000M,m,Heats,3
4,9.445,1:10.264,1,9.538,1:10.081,3,9.341,1:10.202,2,9.733,1:10.200,2004-2005,"2004 World Cup 2, China, Beijing",1000M,m,Heats,3
4,28.011,1:38.274,2,9.508,1:19.588,3,9.729,1:19.930,1,9.363,1:19.562,2004-2005,"2004 World Cup 2, China, Beijing",1000M,m,Heats,3
4,15.91,1:54.178,2,9.98,1:29.566,3,9.69,1:29.619,1,9.93,1:29.483,2004-2005,"2004 World Cup 2, China, Beijing",1000M,m,Heats,3
