START_POS_1 POSITION,START_POS_1 LAP TIME,START_POS_1 ELAPSED TIME,START_POS_2 POSITION,START_POS_2 LAP TIME,START_POS_2 ELAPSED TIME,START_POS_3 POSITION,START_POS_3 LAP TIME,START_POS_3 ELAPSED TIME,START_POS_4 POSITION,START_POS_4 LAP TIME,START_POS_4 ELAPSED TIME,season,competition,event,gender,round,race
1,15.058,15.058,,,,3,15.876,15.876,2,15.563,15.563,2004-2005,"2005 World Juniors, Serbia and Montenegro",1000M,w,Heats,7
1,12.665,27.722,,,,3,12.475,28.351,2,12.710,28.273,2004-2005,"2005 World Juniors, Serbia and Montenegro",1000M,w,Heats,7
1,12.281,40.003,,,,3,11.951,40.302,2,11.887,40.159,2004-2005,"2005 World Juniors, Serbia and Montenegro",1000M,w,Heats,7
1,11.019,51.021,,,,2,10.963,51.265,3,11.201,51.360,2004-2005,"2005 World Juniors, Serbia and Montenegro",1000M,w,Heats,7
1,10.865,1:01.886,,,,3,11.050,1:02.314,2,10.620,1:01.979,2004-2005,"2005 World Juniors, Serbia and Montenegro",1000M,w,Heats,7
3,19.538,1:21.424,,,,2,10.957,1:13.271,1,10.580,1:12.559,2004-2005,"2005 World Juniors, Serbia and Montenegro",1000M,w,Heats,7
3,13.697,1:35.120,,,,2,11.325,1:24.595,1,10.991,1:23.550,2004-2005,"2005 World Juniors, Serbia and Montenegro",1000M,w,Heats,7
3,13.944,1:49.064,,,,2,11.764,1:36.358,1,11.381,1:34.930,2004-2005,"2005 World Juniors, Serbia and Montenegro",1000M,w,Heats,7
3,13.32,2:02.382,0,,DQ,2,12.30,1:48.655,1,12.41,1:47.339,2004-2005,"2005 World Juniors, Serbia and Montenegro",1000M,w,Heats,7
