START_POS_1 POSITION,START_POS_1 LAP TIME,START_POS_1 ELAPSED TIME,START_POS_2 POSITION,START_POS_2 LAP TIME,START_POS_2 ELAPSED TIME,START_POS_3 POSITION,START_POS_3 LAP TIME,START_POS_3 ELAPSED TIME,START_POS_4 POSITION,START_POS_4 LAP TIME,START_POS_4 ELAPSED TIME,season,competition,event,gender,round,race
3,14.595,14.595,2,14.515,14.515,4,16.014,16.014,1,14.319,14.319,2004-2005,"2005 World Cup 5, Hungary",1000M,w,Preliminaries,9
3,10.860,25.454,1,10.845,25.359,4,12.046,28.060,2,11.060,25.379,2004-2005,"2005 World Cup 5, Hungary",1000M,w,Preliminaries,9
3,10.879,36.333,2,10.821,36.180,4,11.804,39.863,1,10.755,36.134,2004-2005,"2005 World Cup 5, Hungary",1000M,w,Preliminaries,9
3,10.770,47.102,2,10.770,46.949,4,11.612,51.475,1,10.790,46.923,2004-2005,"2005 World Cup 5, Hungary",1000M,w,Preliminaries,9
1,10.655,57.756,3,10.846,57.795,4,12.363,1:03.838,2,10.835,57.758,2004-2005,"2005 World Cup 5, Hungary",1000M,w,Preliminaries,9
1,10.110,1:07.866,2,10.414,1:08.208,4,12.445,1:16.282,3,10.886,1:08.644,2004-2005,"2005 World Cup 5, Hungary",1000M,w,Preliminaries,9
1,10.209,1:18.075,2,10.068,1:18.276,4,13.425,1:29.706,3,9.675,1:18.319,2004-2005,"2005 World Cup 5, Hungary",1000M,w,Preliminaries,9
1,10.360,1:28.435,2,10.395,1:28.671,4,13.264,1:42.969,3,12.545,1:30.864,2004-2005,"2005 World Cup 5, Hungary",1000M,w,Preliminaries,9
1,10.63,1:39.058,2,10.52,1:39.190,4,13.08,1:56.044,3,11.70,1:42.559,2004-2005,"2005 World Cup 5, Hungary",1000M,w,Preliminaries,9
