START_POS_1 POSITION,START_POS_1 LAP TIME,START_POS_1 ELAPSED TIME,START_POS_2 POSITION,START_POS_2 LAP TIME,START_POS_2 ELAPSED TIME,START_POS_3 POSITION,START_POS_3 LAP TIME,START_POS_3 ELAPSED TIME,START_POS_4 POSITION,START_POS_4 LAP TIME,START_POS_4 ELAPSED TIME,season,competition,event,gender,round,race
4,16.012,16.012,1,15.313,15.313,2,15.593,15.593,3,15.884,15.884,2004-2005,"2005 World Championships, China",1000M,m,Preliminaries,3
3,12.352,28.363,1,12.213,27.526,2,12.384,27.977,4,12.599,28.483,2004-2005,"2005 World Championships, China",1000M,m,Preliminaries,3
1,10.339,38.702,2,11.198,38.724,4,21.274,49.251,3,10.624,39.107,2004-2005,"2005 World Championships, China",1000M,m,Preliminaries,3
2,10.326,49.028,1,10.121,48.844,4,9.471,58.722,3,10.142,49.248,2004-2005,"2005 World Championships, China",1000M,m,Preliminaries,3
2,9.846,58.874,1,9.901,58.745,,,,3,9.820,59.068,2004-2005,"2005 World Championships, China",1000M,m,Preliminaries,3
3,9.367,1:08.240,4,9.657,1:08.401,1,,1:07.632,2,9.049,1:08.116,2004-2005,"2005 World Championships, China",1000M,m,Preliminaries,3
4,9.515,1:17.754,2,9.047,1:17.448,3,9.917,1:17.549,1,9.331,1:17.447,2004-2005,"2005 World Championships, China",1000M,m,Preliminaries,3
4,9.254,1:27.007,3,9.306,1:26.753,1,8.685,1:26.234,2,9.028,1:26.474,2004-2005,"2005 World Championships, China",1000M,m,Preliminaries,3
4,10.09,1:37.088,3,10.20,1:36.953,2,10.44,1:36.669,1,9.71,1:36.178,2004-2005,"2005 World Championships, China",1000M,m,Preliminaries,3
