START_POS_1 POSITION,START_POS_1 LAP TIME,START_POS_1 ELAPSED TIME,START_POS_2 POSITION,START_POS_2 LAP TIME,START_POS_2 ELAPSED TIME,START_POS_3 POSITION,START_POS_3 LAP TIME,START_POS_3 ELAPSED TIME,START_POS_4 POSITION,START_POS_4 LAP TIME,START_POS_4 ELAPSED TIME,START_POS_5 POSITION,START_POS_5 LAP TIME,START_POS_5 ELAPSED TIME,season,competition,event,gender,round,race
2,15.836,15.836,5,16.379,16.379,1,15.724,15.724,3,15.913,15.913,4,16.000,16.000,2004-2005,2005 Winter Universiade,1000m,w,Heats,5
3,12.479,28.315,5,12.440,28.818,1,12.459,28.182,2,12.330,28.242,4,12.368,28.368,2004-2005,2005 Winter Universiade,1000m,w,Heats,5
1,11.566,39.880,5,12.366,41.184,2,11.957,40.139,3,11.935,40.177,4,11.899,40.266,2004-2005,2005 Winter Universiade,1000m,w,Heats,5
2,11.638,51.518,5,12.275,53.458,4,11.573,51.712,1,11.094,51.271,3,11.445,51.710,2004-2005,2005 Winter Universiade,1000m,w,Heats,5
3,11.017,1:02.534,5,12.027,1:05.485,1,10.172,1:01.883,2,11.040,1:02.311,4,10.926,1:02.636,2004-2005,2005 Winter Universiade,1000m,w,Heats,5
3,10.080,1:12.614,5,12.117,1:17.601,1,9.909,1:11.792,2,10.128,1:12.439,4,10.180,1:12.816,2004-2005,2005 Winter Universiade,1000m,w,Heats,5
3,10.243,1:22.856,4,12.442,1:30.043,,,,1,9.862,1:22.300,2,9.794,1:22.610,2004-2005,2005 Winter Universiade,1000m,w,Heats,5
4,10.037,1:32.893,5,13.259,1:43.301,1,,1:31.847,2,10.046,1:32.346,3,9.850,1:32.460,2004-2005,2005 Winter Universiade,1000m,w,Heats,5
4,9.93,1:42.820,5,12.62,1:55.920,1,10.01,1:41.857,3,10.41,1:42.754,2,10.08,1:42.533,2004-2005,2005 Winter Universiade,1000m,w,Heats,5
