START_POS_1 POSITION,START_POS_1 LAP TIME,START_POS_1 ELAPSED TIME,START_POS_2 POSITION,START_POS_2 LAP TIME,START_POS_2 ELAPSED TIME,START_POS_3 POSITION,START_POS_3 LAP TIME,START_POS_3 ELAPSED TIME,START_POS_4 POSITION,START_POS_4 LAP TIME,START_POS_4 ELAPSED TIME,season,competition,event,gender,round,race
1,14.051,14.051,4,14.319,14.319,2,14.069,14.069,3,14.232,14.232,2004-2005,"2005 European Championships, Italy",1000M,m,Heats,3
2,12.268,26.318,4,12.211,26.529,1,12.023,26.092,3,12.151,26.382,2004-2005,"2005 European Championships, Italy",1000M,m,Heats,3
3,11.629,37.946,4,11.433,37.962,2,11.651,37.743,1,11.197,37.578,2004-2005,"2005 European Championships, Italy",1000M,m,Heats,3
2,10.076,48.021,3,10.196,48.157,4,10.438,48.180,1,10.277,47.855,2004-2005,"2005 European Championships, Italy",1000M,m,Heats,3
2,10.072,58.093,4,10.071,58.227,3,9.974,58.153,1,10.148,58.002,2004-2005,"2005 European Championships, Italy",1000M,m,Heats,3
1,9.833,1:07.925,4,9.955,1:08.181,2,9.923,1:08.076,3,10.078,1:08.080,2004-2005,"2005 European Championships, Italy",1000M,m,Heats,3
1,9.461,1:17.385,2,9.330,1:17.511,3,13.606,1:21.681,4,24.804,1:32.884,2004-2005,"2005 European Championships, Italy",1000M,m,Heats,3
1,9.747,1:27.132,2,9.836,1:27.347,3,12.996,1:34.676,4,14.367,1:47.251,2004-2005,"2005 European Championships, Italy",1000M,m,Heats,3
2,10.56,1:37.690,1,10.26,1:37.603,3,13.49,1:48.157,4,13.35,2:00.600,2004-2005,"2005 European Championships, Italy",1000M,m,Heats,3
