START_POS_1 POSITION,START_POS_1 LAP TIME,START_POS_1 ELAPSED TIME,START_POS_2 POSITION,START_POS_2 LAP TIME,START_POS_2 ELAPSED TIME,START_POS_3 POSITION,START_POS_3 LAP TIME,START_POS_3 ELAPSED TIME,START_POS_4 POSITION,START_POS_4 LAP TIME,START_POS_4 ELAPSED TIME,START_POS_5 POSITION,START_POS_5 LAP TIME,START_POS_5 ELAPSED TIME,season,competition,event,gender,round,race
4,13.963,13.963,3,13.881,13.881,2,13.722,13.722,5,14.044,14.044,1,13.530,13.530,2004-2005,"2005 European Championships, Italy",1000M,m,SemiFinals,2
4,10.998,24.960,3,10.924,24.804,1,11.003,24.725,5,11.026,25.070,2,11.229,24.758,2004-2005,"2005 European Championships, Italy",1000M,m,SemiFinals,2
4,10.409,35.369,2,10.368,35.171,3,10.531,35.256,5,10.480,35.550,1,10.382,35.139,2004-2005,"2005 European Championships, Italy",1000M,m,SemiFinals,2
5,9.726,45.095,3,9.818,44.989,1,9.573,44.828,4,9.543,45.093,2,9.767,44.906,2004-2005,"2005 European Championships, Italy",1000M,m,SemiFinals,2
4,9.790,54.885,3,9.787,54.776,2,9.884,54.711,5,9.845,54.938,1,9.581,54.486,2004-2005,"2005 European Championships, Italy",1000M,m,SemiFinals,2
4,9.655,1:04.539,3,9.591,1:04.366,2,9.654,1:04.365,5,9.610,1:04.547,1,9.633,1:04.119,2004-2005,"2005 European Championships, Italy",1000M,m,SemiFinals,2
5,9.475,1:14.014,3,9.554,1:13.920,2,9.420,1:13.785,4,9.458,1:14.004,1,9.585,1:13.704,2004-2005,"2005 European Championships, Italy",1000M,m,SemiFinals,2
3,9.243,1:23.257,4,9.346,1:23.266,1,9.203,1:22.987,5,9.393,1:23.396,2,9.381,1:23.084,2004-2005,"2005 European Championships, Italy",1000M,m,SemiFinals,2
3,9.60,1:32.852,5,9.68,1:32.941,1,9.55,1:32.529,4,9.52,1:32.916,2,9.65,1:32.732,2004-2005,"2005 European Championships, Italy",1000M,m,SemiFinals,2
