START_POS_1 POSITION,START_POS_1 LAP TIME,START_POS_1 ELAPSED TIME,START_POS_2 POSITION,START_POS_2 LAP TIME,START_POS_2 ELAPSED TIME,START_POS_3 POSITION,START_POS_3 LAP TIME,START_POS_3 ELAPSED TIME,START_POS_4 POSITION,START_POS_4 LAP TIME,START_POS_4 ELAPSED TIME,START_POS_5 POSITION,START_POS_5 LAP TIME,START_POS_5 ELAPSED TIME,season,competition,event,gender,round,race
2,14.409,14.409,3,14.487,14.487,1,14.384,14.384,4,14.494,14.494,5,15.142,15.142,2004-2005,"2004 World Cup 1, China",1000M,w,Heats,2
4,10.658,25.067,1,10.444,24.930,2,10.550,24.934,3,10.453,24.946,5,10.467,25.609,2004-2005,"2004 World Cup 1, China",1000M,w,Heats,2
3,10.226,35.293,2,10.229,35.159,1,10.211,35.144,4,10.390,35.336,5,9.992,35.600,2004-2005,"2004 World Cup 1, China",1000M,w,Heats,2
2,10.375,45.668,1,10.445,45.603,3,10.534,45.678,4,10.508,45.843,5,10.490,46.089,2004-2005,"2004 World Cup 1, China",1000M,w,Heats,2
3,10.130,55.798,4,10.324,55.927,1,9.967,55.644,2,9.943,55.786,5,9.992,56.081,2004-2005,"2004 World Cup 1, China",1000M,w,Heats,2
4,10.243,1:06.041,1,9.895,1:05.821,2,10.216,1:05.859,3,10.211,1:05.996,5,10.067,1:06.147,2004-2005,"2004 World Cup 1, China",1000M,w,Heats,2
3,10.234,1:16.274,4,10.503,1:16.324,1,10.141,1:15.999,2,10.043,1:16.038,5,10.184,1:16.331,2004-2005,"2004 World Cup 1, China",1000M,w,Heats,2
4,10.553,1:26.826,5,10.538,1:26.861,1,10.468,1:26.467,2,10.456,1:26.494,3,10.358,1:26.688,2004-2005,"2004 World Cup 1, China",1000M,w,Heats,2
4,10.51,1:37.334,2,10.26,1:37.115,5,11.05,1:37.516,1,10.27,1:36.761,3,10.60,1:37.282,2004-2005,"2004 World Cup 1, China",1000M,w,Heats,2
