START_POS_1 POSITION,START_POS_1 LAP TIME,START_POS_1 ELAPSED TIME,START_POS_2 POSITION,START_POS_2 LAP TIME,START_POS_2 ELAPSED TIME,START_POS_3 POSITION,START_POS_3 LAP TIME,START_POS_3 ELAPSED TIME,START_POS_4 POSITION,START_POS_4 LAP TIME,START_POS_4 ELAPSED TIME,START_POS_5 POSITION,START_POS_5 LAP TIME,START_POS_5 ELAPSED TIME,season,competition,event,gender,round,race
,,,2,14.036,14.036,,,,1,13.751,13.751,3,14.059,14.059,2005-2006,"2005 World Cup 4, Netherlands",1000M,m,QuarterFinals,3
,,,2,10.139,24.174,,,,1,9.968,23.719,3,10.191,24.249,2005-2006,"2005 World Cup 4, Netherlands",1000M,m,QuarterFinals,3
,,,3,9.712,33.886,,,,2,10.125,33.844,1,9.335,33.584,2005-2006,"2005 World Cup 4, Netherlands",1000M,m,QuarterFinals,3
,,,3,9.584,43.470,,,,2,9.574,43.418,1,9.826,43.409,2005-2006,"2005 World Cup 4, Netherlands",1000M,m,QuarterFinals,3
,,,3,9.832,53.301,,,,2,9.821,53.239,1,9.595,53.004,2005-2006,"2005 World Cup 4, Netherlands",1000M,m,QuarterFinals,3
,,,3,9.527,1:02.828,,,,2,9.267,1:02.505,1,9.395,1:02.399,2005-2006,"2005 World Cup 4, Netherlands",1000M,m,QuarterFinals,3
,,,3,9.616,1:12.443,,,,2,9.253,1:11.758,1,9.132,1:11.530,2005-2006,"2005 World Cup 4, Netherlands",1000M,m,QuarterFinals,3
,,,3,9.686,1:22.129,,,,2,9.218,1:20.975,1,9.395,1:20.925,2005-2006,"2005 World Cup 4, Netherlands",1000M,m,QuarterFinals,3
0,,DQ,3,9.94,1:32.062,0,,DQ,2,9.65,1:30.625,1,9.61,1:30.527,2005-2006,"2005 World Cup 4, Netherlands",1000M,m,QuarterFinals,3
