START_POS_1 POSITION,START_POS_1 LAP TIME,START_POS_1 ELAPSED TIME,START_POS_2 POSITION,START_POS_2 LAP TIME,START_POS_2 ELAPSED TIME,START_POS_3 POSITION,START_POS_3 LAP TIME,START_POS_3 ELAPSED TIME,START_POS_4 POSITION,START_POS_4 LAP TIME,START_POS_4 ELAPSED TIME,season,competition,event,gender,round,race
3,14.986,14.986,4,15.001,15.001,2,14.870,14.870,1,14.862,14.862,2005-2006,"2006 World Championships, USA",1000M,w,Heats,8
2,11.291,26.277,1,11.255,26.255,4,11.783,26.652,3,11.626,26.488,2005-2006,"2006 World Championships, USA",1000M,w,Heats,8
1,10.386,36.663,3,10.689,36.943,2,10.040,36.692,4,10.563,37.050,2005-2006,"2006 World Championships, USA",1000M,w,Heats,8
3,10.639,47.301,1,10.305,47.248,2,10.590,47.281,4,10.282,47.332,2005-2006,"2006 World Championships, USA",1000M,w,Heats,8
4,10.478,57.779,1,9.754,57.002,2,10.421,57.702,3,10.445,57.776,2005-2006,"2006 World Championships, USA",1000M,w,Heats,8
4,11.922,1:09.700,2,11.057,1:08.058,1,10.157,1:07.859,3,10.416,1:08.191,2005-2006,"2006 World Championships, USA",1000M,w,Heats,8
1,7.902,1:17.602,2,9.574,1:17.631,3,9.945,1:17.803,4,9.782,1:17.973,2005-2006,"2006 World Championships, USA",1000M,w,Heats,8
2,10.001,1:27.602,1,9.666,1:27.297,3,9.844,1:27.647,4,10.125,1:28.098,2005-2006,"2006 World Championships, USA",1000M,w,Heats,8
1,9.27,1:36.872,3,10.01,1:37.305,2,9.51,1:37.149,4,9.54,1:37.634,2005-2006,"2006 World Championships, USA",1000M,w,Heats,8
