START_POS_1 POSITION,START_POS_1 LAP TIME,START_POS_1 ELAPSED TIME,START_POS_2 POSITION,START_POS_2 LAP TIME,START_POS_2 ELAPSED TIME,START_POS_3 POSITION,START_POS_3 LAP TIME,START_POS_3 ELAPSED TIME,START_POS_4 POSITION,START_POS_4 LAP TIME,START_POS_4 ELAPSED TIME,season,competition,event,gender,round,race
,,,3,13.388,13.388,2,13.204,13.204,1,13.117,13.117,2005-2006,"2005 World Cup 2, Korea",1000M,m,Heats,4
,,,3,9.809,23.197,2,9.847,23.050,1,9.863,22.979,2005-2006,"2005 World Cup 2, Korea",1000M,m,Heats,4
4,,42.628,1,9.323,32.520,3,9.778,32.828,2,9.805,32.784,2005-2006,"2005 World Cup 2, Korea",1000M,m,Heats,4
,,,3,9.612,42.131,2,9.295,42.122,1,9.226,42.009,2005-2006,"2005 World Cup 2, Korea",1000M,m,Heats,4
3,,51.786,4,9.659,51.789,1,9.633,51.755,2,9.774,51.782,2005-2006,"2005 World Cup 2, Korea",1000M,m,Heats,4
4,9.842,1:01.628,3,9.722,1:01.511,1,9.747,1:01.501,2,9.725,1:01.507,2005-2006,"2005 World Cup 2, Korea",1000M,m,Heats,4
4,9.532,1:11.159,3,9.524,1:11.034,2,9.466,1:10.966,1,9.421,1:10.927,2005-2006,"2005 World Cup 2, Korea",1000M,m,Heats,4
3,9.360,1:20.519,2,9.389,1:20.423,4,9.612,1:20.578,1,9.493,1:20.420,2005-2006,"2005 World Cup 2, Korea",1000M,m,Heats,4
4,10.05,1:30.564,2,9.64,1:30.063,3,9.82,1:30.395,1,9.47,1:29.890,2005-2006,"2005 World Cup 2, Korea",1000M,m,Heats,4
