START_POS_1 POSITION,START_POS_1 LAP TIME,START_POS_1 ELAPSED TIME,START_POS_2 POSITION,START_POS_2 LAP TIME,START_POS_2 ELAPSED TIME,START_POS_3 POSITION,START_POS_3 LAP TIME,START_POS_3 ELAPSED TIME,START_POS_4 POSITION,START_POS_4 LAP TIME,START_POS_4 ELAPSED TIME,season,competition,event,gender,round,race
,,,3,14.837,14.837,2,14.833,14.833,1,14.542,14.542,2005-2006,"2005 World Cup 4, Netherlands",1000M,m,Preliminaries,7
,,,3,11.015,25.852,1,10.606,25.439,2,10.951,25.492,2005-2006,"2005 World Cup 4, Netherlands",1000M,m,Preliminaries,7
,,,2,9.453,35.305,3,9.918,35.356,1,9.463,34.955,2005-2006,"2005 World Cup 4, Netherlands",1000M,m,Preliminaries,7
,,,3,9.814,45.118,2,9.512,44.868,1,9.893,44.847,2005-2006,"2005 World Cup 4, Netherlands",1000M,m,Preliminaries,7
,,,3,9.822,54.939,2,9.860,54.727,1,9.742,54.588,2005-2006,"2005 World Cup 4, Netherlands",1000M,m,Preliminaries,7
,,,2,9.694,1:04.633,3,9.988,1:04.715,1,9.244,1:03.832,2005-2006,"2005 World Cup 4, Netherlands",1000M,m,Preliminaries,7
,,,2,9.555,1:14.188,3,9.572,1:14.286,1,9.387,1:13.218,2005-2006,"2005 World Cup 4, Netherlands",1000M,m,Preliminaries,7
,,,2,9.547,1:23.734,3,9.673,1:23.959,1,9.617,1:22.835,2005-2006,"2005 World Cup 4, Netherlands",1000M,m,Preliminaries,7
0,,DQ,2,10.06,1:33.794,3,10.67,1:34.625,1,10.37,1:33.204,2005-2006,"2005 World Cup 4, Netherlands",1000M,m,Preliminaries,7
