START_POS_1 POSITION,START_POS_1 LAP TIME,START_POS_1 ELAPSED TIME,START_POS_2 POSITION,START_POS_2 LAP TIME,START_POS_2 ELAPSED TIME,START_POS_3 POSITION,START_POS_3 LAP TIME,START_POS_3 ELAPSED TIME,START_POS_4 POSITION,START_POS_4 LAP TIME,START_POS_4 ELAPSED TIME,season,competition,event,gender,round,race
1,17.944,17.944,3,18.500,18.500,,,,2,18.325,18.325,2005-2006,"2005 World Cup 4, Netherlands",1000M,m,Preliminaries,20
1,13.569,31.512,4,13.472,31.971,3,,31.934,2,13.495,31.820,2005-2006,"2005 World Cup 4, Netherlands",1000M,m,Preliminaries,20
3,11.417,42.928,1,10.601,42.572,2,10.790,42.723,4,11.511,43.330,2005-2006,"2005 World Cup 4, Netherlands",1000M,m,Preliminaries,20
2,9.322,52.249,1,9.370,51.941,3,9.549,52.271,4,9.347,52.677,2005-2006,"2005 World Cup 4, Netherlands",1000M,m,Preliminaries,20
1,8.942,1:01.190,2,9.288,1:01.228,3,9.147,1:01.418,4,9.201,1:01.878,2005-2006,"2005 World Cup 4, Netherlands",1000M,m,Preliminaries,20
1,9.350,1:10.540,2,9.458,1:10.686,3,9.306,1:10.723,4,9.391,1:11.268,2005-2006,"2005 World Cup 4, Netherlands",1000M,m,Preliminaries,20
2,9.567,1:20.107,3,9.696,1:20.382,1,9.352,1:20.075,4,9.604,1:20.872,2005-2006,"2005 World Cup 4, Netherlands",1000M,m,Preliminaries,20
2,9.364,1:29.470,3,9.950,1:30.332,1,9.360,1:29.434,4,9.951,1:30.822,2005-2006,"2005 World Cup 4, Netherlands",1000M,m,Preliminaries,20
1,9.89,1:39.351,3,10.35,1:40.678,2,10.08,1:39.509,4,10.29,1:41.112,2005-2006,"2005 World Cup 4, Netherlands",1000M,m,Preliminaries,20
