START_POS_1 POSITION,START_POS_1 LAP TIME,START_POS_1 ELAPSED TIME,START_POS_2 POSITION,START_POS_2 LAP TIME,START_POS_2 ELAPSED TIME,START_POS_3 POSITION,START_POS_3 LAP TIME,START_POS_3 ELAPSED TIME,START_POS_4 POSITION,START_POS_4 LAP TIME,START_POS_4 ELAPSED TIME,season,competition,event,gender,round,race
1,15.144,15.144,3,15.552,15.552,2,15.490,15.490,4,15.826,15.826,2005-2006,"2005 World Cup 4, Netherlands",1000M,w,Preliminaries,13
1,11.207,26.351,2,11.158,26.710,3,11.287,26.777,4,11.016,26.841,2005-2006,"2005 World Cup 4, Netherlands",1000M,w,Preliminaries,13
1,11.313,37.663,2,11.154,37.864,3,11.113,37.890,4,11.051,37.892,2005-2006,"2005 World Cup 4, Netherlands",1000M,w,Preliminaries,13
1,10.788,48.451,4,11.044,48.907,2,10.967,48.856,3,10.982,48.874,2005-2006,"2005 World Cup 4, Netherlands",1000M,w,Preliminaries,13
3,10.700,59.150,2,10.045,58.951,4,11.538,1:00.394,1,10.028,58.901,2005-2006,"2005 World Cup 4, Netherlands",1000M,w,Preliminaries,13
3,10.504,1:09.654,1,9.962,1:08.913,4,11.617,1:12.010,2,10.030,1:08.930,2005-2006,"2005 World Cup 4, Netherlands",1000M,w,Preliminaries,13
3,10.611,1:20.264,2,10.142,1:19.054,4,12.060,1:24.069,1,10.062,1:18.992,2005-2006,"2005 World Cup 4, Netherlands",1000M,w,Preliminaries,13
3,10.827,1:31.091,2,10.554,1:29.608,4,12.126,1:36.195,1,10.059,1:29.050,2005-2006,"2005 World Cup 4, Netherlands",1000M,w,Preliminaries,13
3,11.32,1:42.410,2,11.14,1:40.741,4,12.92,1:49.115,1,10.88,1:39.925,2005-2006,"2005 World Cup 4, Netherlands",1000M,w,Preliminaries,13
