START_POS_1 POSITION,START_POS_1 LAP TIME,START_POS_1 ELAPSED TIME,START_POS_2 POSITION,START_POS_2 LAP TIME,START_POS_2 ELAPSED TIME,START_POS_3 POSITION,START_POS_3 LAP TIME,START_POS_3 ELAPSED TIME,START_POS_4 POSITION,START_POS_4 LAP TIME,START_POS_4 ELAPSED TIME,season,competition,event,gender,round,race
0,14.710,14.710,0,14.754,14.754,0,14.754,14.754,0,14.883,14.883,2006-2007,"ISU World Cup 2006/2007, Hungary, Budapest",1000m,w,Preliminaries,3
0,11.380,26.090,0,11.355,26.110,0,11.157,25.911,0,11.245,26.127,2006-2007,"ISU World Cup 2006/2007, Hungary, Budapest",1000m,w,Preliminaries,3
0,10.695,36.784,0,10.719,36.829,0,10.745,36.656,0,10.673,36.800,2006-2007,"ISU World Cup 2006/2007, Hungary, Budapest",1000m,w,Preliminaries,3
0,10.248,47.032,0,10.360,47.189,0,10.471,47.127,0,10.399,47.199,2006-2007,"ISU World Cup 2006/2007, Hungary, Budapest",1000m,w,Preliminaries,3
0,10.170,57.202,0,10.068,57.257,0,10.088,57.215,0,10.129,57.328,2006-2007,"ISU World Cup 2006/2007, Hungary, Budapest",1000m,w,Preliminaries,3
0,9.991,1:07.193,0,9.834,1:07.091,0,9.872,1:07.088,0,9.721,1:07.048,2006-2007,"ISU World Cup 2006/2007, Hungary, Budapest",1000m,w,Preliminaries,3
0,11.009,1:18.203,0,36.745,1:43.836,0,9.940,1:17.028,0,10.106,1:17.155,2006-2007,"ISU World Cup 2006/2007, Hungary, Budapest",1000m,w,Preliminaries,3
0,11.004,1:29.206,0,14.876,1:58.712,0,10.167,1:27.195,0,9.949,1:27.104,2006-2007,"ISU World Cup 2006/2007, Hungary, Budapest",1000m,w,Preliminaries,3
0,10.845,1:40.051,0,14.315,2:13.027,0,,,0,10.101,1:37.204,2006-2007,"ISU World Cup 2006/2007, Hungary, Budapest",1000m,w,Preliminaries,3
