START_POS_1 POSITION,START_POS_1 LAP TIME,START_POS_1 ELAPSED TIME,START_POS_2 POSITION,START_POS_2 LAP TIME,START_POS_2 ELAPSED TIME,START_POS_3 POSITION,START_POS_3 LAP TIME,START_POS_3 ELAPSED TIME,START_POS_4 POSITION,START_POS_4 LAP TIME,START_POS_4 ELAPSED TIME,season,competition,event,gender,round,race
0,14.211,14.211,0,14.038,14.038,0,14.178,14.178,0,13.910,13.910,2006-2007,"ISU World Cup 2006/2007, Hungary, Budapest",1000m,w,SemiFinals,2
0,10.340,24.551,0,10.158,24.196,0,10.211,24.389,0,10.132,24.043,2006-2007,"ISU World Cup 2006/2007, Hungary, Budapest",1000m,w,SemiFinals,2
0,9.858,34.409,0,10.229,34.425,0,10.251,34.639,0,10.233,34.276,2006-2007,"ISU World Cup 2006/2007, Hungary, Budapest",1000m,w,SemiFinals,2
0,9.802,44.211,0,9.962,44.387,0,9.948,44.588,0,9.914,44.190,2006-2007,"ISU World Cup 2006/2007, Hungary, Budapest",1000m,w,SemiFinals,2
0,10.304,54.514,0,10.411,54.798,0,10.386,54.974,0,10.445,54.635,2006-2007,"ISU World Cup 2006/2007, Hungary, Budapest",1000m,w,SemiFinals,2
0,10.484,1:04.998,0,10.545,1:05.343,0,10.564,1:05.537,0,10.464,1:05.099,2006-2007,"ISU World Cup 2006/2007, Hungary, Budapest",1000m,w,SemiFinals,2
0,10.449,1:15.448,0,10.367,1:15.710,0,10.318,1:15.856,0,10.453,1:15.552,2006-2007,"ISU World Cup 2006/2007, Hungary, Budapest",1000m,w,SemiFinals,2
0,9.853,1:25.300,0,9.792,1:25.502,0,9.819,1:25.675,0,9.800,1:25.352,2006-2007,"ISU World Cup 2006/2007, Hungary, Budapest",1000m,w,SemiFinals,2
0,9.733,1:35.033,0,9.705,1:35.206,0,10.066,1:35.741,0,9.953,1:35.306,2006-2007,"ISU World Cup 2006/2007, Hungary, Budapest",1000m,w,SemiFinals,2
