START_POS_1 POSITION,START_POS_1 LAP TIME,START_POS_1 ELAPSED TIME,START_POS_2 POSITION,START_POS_2 LAP TIME,START_POS_2 ELAPSED TIME,START_POS_3 POSITION,START_POS_3 LAP TIME,START_POS_3 ELAPSED TIME,START_POS_4 POSITION,START_POS_4 LAP TIME,START_POS_4 ELAPSED TIME,season,competition,event,gender,round,race
0,16.102,16.102,0,16.507,16.507,0,16.025,16.025,0,16.036,16.036,2006-2007,"ISU World Cup 2006/2007, Netherlands, Heerenveen",1000m(1),w,RepFinalA,1
0,11.822,27.924,0,11.742,28.249,0,11.814,27.839,0,11.910,27.946,2006-2007,"ISU World Cup 2006/2007, Netherlands, Heerenveen",1000m(1),w,RepFinalA,1
0,10.142,38.066,0,10.259,38.508,0,10.326,38.165,0,10.189,38.135,2006-2007,"ISU World Cup 2006/2007, Netherlands, Heerenveen",1000m(1),w,RepFinalA,1
0,10.387,48.454,0,10.199,48.707,0,10.221,48.386,0,10.189,48.324,2006-2007,"ISU World Cup 2006/2007, Netherlands, Heerenveen",1000m(1),w,RepFinalA,1
0,10.311,58.764,0,10.244,58.951,0,10.639,59.025,0,10.519,58.843,2006-2007,"ISU World Cup 2006/2007, Netherlands, Heerenveen",1000m(1),w,RepFinalA,1
0,10.331,1:09.096,0,10.314,1:09.265,0,10.186,1:09.211,0,10.291,1:09.133,2006-2007,"ISU World Cup 2006/2007, Netherlands, Heerenveen",1000m(1),w,RepFinalA,1
0,11.473,1:20.569,0,11.237,1:20.501,0,10.525,1:19.735,0,10.225,1:19.358,2006-2007,"ISU World Cup 2006/2007, Netherlands, Heerenveen",1000m(1),w,RepFinalA,1
0,10.416,1:30.984,0,9.567,1:30.068,0,10.461,1:30.196,0,10.523,1:29.881,2006-2007,"ISU World Cup 2006/2007, Netherlands, Heerenveen",1000m(1),w,RepFinalA,1
0,11.036,1:42.021,0,10.702,1:40.770,0,10.883,1:41.079,0,10.769,1:40.650,2006-2007,"ISU World Cup 2006/2007, Netherlands, Heerenveen",1000m(1),w,RepFinalA,1
