START_POS_1 POSITION,START_POS_1 LAP TIME,START_POS_1 ELAPSED TIME,START_POS_2 POSITION,START_POS_2 LAP TIME,START_POS_2 ELAPSED TIME,START_POS_3 POSITION,START_POS_3 LAP TIME,START_POS_3 ELAPSED TIME,START_POS_4 POSITION,START_POS_4 LAP TIME,START_POS_4 ELAPSED TIME,season,competition,event,gender,round,race
0,14.836,14.836,0,14.678,14.678,0,14.732,14.732,0,14.870,14.870,2006-2007,"ISU World Cup 2006/2007, Hungary, Budapest",1000m,w,RepFinalA,1
0,11.337,26.173,0,11.194,25.872,0,11.360,26.092,0,11.017,25.887,2006-2007,"ISU World Cup 2006/2007, Hungary, Budapest",1000m,w,RepFinalA,1
0,10.912,37.085,0,10.935,36.807,0,10.914,37.005,0,10.875,36.762,2006-2007,"ISU World Cup 2006/2007, Hungary, Budapest",1000m,w,RepFinalA,1
0,10.455,47.540,0,10.446,47.252,0,10.527,47.533,0,10.850,47.612,2006-2007,"ISU World Cup 2006/2007, Hungary, Budapest",1000m,w,RepFinalA,1
0,10.129,57.669,0,10.365,57.617,0,10.015,57.547,0,9.956,57.568,2006-2007,"ISU World Cup 2006/2007, Hungary, Budapest",1000m,w,RepFinalA,1
0,9.613,1:07.282,0,10.232,1:07.849,0,10.250,1:07.798,0,9.721,1:07.290,2006-2007,"ISU World Cup 2006/2007, Hungary, Budapest",1000m,w,RepFinalA,1
0,9.774,1:17.056,0,10.180,1:18.029,0,10.129,1:17.927,0,9.762,1:17.052,2006-2007,"ISU World Cup 2006/2007, Hungary, Budapest",1000m,w,RepFinalA,1
0,10.101,1:27.156,0,25.521,1:43.550,0,29.686,1:47.613,0,10.074,1:27.126,2006-2007,"ISU World Cup 2006/2007, Hungary, Budapest",1000m,w,RepFinalA,1
0,10.586,1:37.742,0,19.554,2:03.105,0,24.713,2:12.326,0,10.653,1:37.778,2006-2007,"ISU World Cup 2006/2007, Hungary, Budapest",1000m,w,RepFinalA,1
