START_POS_1 POSITION,START_POS_1 LAP TIME,START_POS_1 ELAPSED TIME,START_POS_2 POSITION,START_POS_2 LAP TIME,START_POS_2 ELAPSED TIME,START_POS_3 POSITION,START_POS_3 LAP TIME,START_POS_3 ELAPSED TIME,START_POS_4 POSITION,START_POS_4 LAP TIME,START_POS_4 ELAPSED TIME,season,competition,event,gender,round,race
2,12.81,12.81,3,12.94,12.94,1,12.77,12.77,4,13.13,13.13,2008-2009,"Samsung ISU World Cup 2008/2009, GER, Dresden",1000m,m,Semifinals,2
2,10.12,22.93,4,10.24,23.18,1,10.09,22.86,3,10.02,23.15,2008-2009,"Samsung ISU World Cup 2008/2009, GER, Dresden",1000m,m,Semifinals,2
1,9.53,32.47,3,9.52,32.71,2,9.75,32.61,4,9.60,32.75,2008-2009,"Samsung ISU World Cup 2008/2009, GER, Dresden",1000m,m,Semifinals,2
1,9.47,41.94,3,9.47,42.19,2,9.40,42.01,4,9.44,42.20,2008-2009,"Samsung ISU World Cup 2008/2009, GER, Dresden",1000m,m,Semifinals,2
1,8.79,50.73,2,8.86,51.05,4,9.09,51.11,3,8.88,51.09,2008-2009,"Samsung ISU World Cup 2008/2009, GER, Dresden",1000m,m,Semifinals,2
1,8.92,59.66,4,9.00,1:00.06,3,8.76,59.88,2,8.78,59.87,2008-2009,"Samsung ISU World Cup 2008/2009, GER, Dresden",1000m,m,Semifinals,2
1,8.67,1:08.33,4,8.99,1:09.05,2,8.54,1:08.42,3,8.60,1:08.47,2008-2009,"Samsung ISU World Cup 2008/2009, GER, Dresden",1000m,m,Semifinals,2
1,8.77,1:17.11,2,8.18,1:17.23,4,9.27,1:17.69,3,8.82,1:17.29,2008-2009,"Samsung ISU World Cup 2008/2009, GER, Dresden",1000m,m,Semifinals,2
1,9.43,1:26.540,4,10.40,1:27.630,3,9.07,1:26.754,2,9.35,1:26.632,2008-2009,"Samsung ISU World Cup 2008/2009, GER, Dresden",1000m,m,Semifinals,2
