START_POS_1 POSITION,START_POS_1 LAP TIME,START_POS_1 ELAPSED TIME,START_POS_2 POSITION,START_POS_2 LAP TIME,START_POS_2 ELAPSED TIME,START_POS_3 POSITION,START_POS_3 LAP TIME,START_POS_3 ELAPSED TIME,START_POS_4 POSITION,START_POS_4 LAP TIME,START_POS_4 ELAPSED TIME,season,competition,event,gender,round,race
2,9.33,5:42.86,1,9.45,5:41.93,3,9.03,5:42.92,4,8.88,5:43.41,2008-2009,"Samsung ISU World Cup 2008/2009, JPN, Nagano",5000mRelay,m,Heats,3
3,9.37,5:52.23,1,9.27,5:51.21,2,9.06,5:51.99,4,9.34,5:52.75,2008-2009,"Samsung ISU World Cup 2008/2009, JPN, Nagano",5000mRelay,m,Heats,3
3,8.98,6:01.22,1,9.05,6:00.26,2,9.07,6:01.06,4,9.21,6:01.97,2008-2009,"Samsung ISU World Cup 2008/2009, JPN, Nagano",5000mRelay,m,Heats,3
3,9.09,6:10.31,1,9.17,6:09.43,2,9.03,6:10.09,4,9.38,6:11.35,2008-2009,"Samsung ISU World Cup 2008/2009, JPN, Nagano",5000mRelay,m,Heats,3
3,9.25,6:19.56,1,9.27,6:18.71,2,9.25,6:19.35,4,9.45,6:20.81,2008-2009,"Samsung ISU World Cup 2008/2009, JPN, Nagano",5000mRelay,m,Heats,3
3,9.24,6:28.81,1,9.24,6:27.95,2,9.22,6:28.57,4,9.51,6:30.32,2008-2009,"Samsung ISU World Cup 2008/2009, JPN, Nagano",5000mRelay,m,Heats,3
3,9.46,6:38.27,1,9.57,6:37.53,2,9.53,6:38.11,4,9.20,6:39.53,2008-2009,"Samsung ISU World Cup 2008/2009, JPN, Nagano",5000mRelay,m,Heats,3
3,9.40,6:47.67,1,9.18,6:46.71,2,9.14,6:47.25,4,9.00,6:48.54,2008-2009,"Samsung ISU World Cup 2008/2009, JPN, Nagano",5000mRelay,m,Heats,3
3,9.15,6:56.812,1,9.73,6:56.441,2,9.32,6:56.565,4,9.87,6:58.411,2008-2009,"Samsung ISU World Cup 2008/2009, JPN, Nagano",5000mRelay,m,Heats,3
