START_POS_1 POSITION,START_POS_1 LAP TIME,START_POS_1 ELAPSED TIME,START_POS_2 POSITION,START_POS_2 LAP TIME,START_POS_2 ELAPSED TIME,START_POS_3 POSITION,START_POS_3 LAP TIME,START_POS_3 ELAPSED TIME,START_POS_4 POSITION,START_POS_4 LAP TIME,START_POS_4 ELAPSED TIME,season,competition,event,gender,round,race
2,12.55,12.55,4,12.86,12.86,3,12.79,12.79,1,12.49,12.49,2008-2009,"Samsung ISU World Cup 2008/2009, USA, UT. Salt Lake City",3000mRelay,w,FinalB,1
3,9.77,22.33,4,9.63,22.49,2,9.44,22.24,1,9.71,22.21,2008-2009,"Samsung ISU World Cup 2008/2009, USA, UT. Salt Lake City",3000mRelay,w,FinalB,1
1,9.33,31.66,4,9.51,32.00,3,9.66,31.90,2,9.57,31.78,2008-2009,"Samsung ISU World Cup 2008/2009, USA, UT. Salt Lake City",3000mRelay,w,FinalB,1
1,9.27,40.94,4,9.45,41.45,3,9.46,41.37,2,9.21,40.99,2008-2009,"Samsung ISU World Cup 2008/2009, USA, UT. Salt Lake City",3000mRelay,w,FinalB,1
0,,,2,9.48,50.94,1,9.50,50.87,3,9.95,50.95,2008-2009,"Samsung ISU World Cup 2008/2009, USA, UT. Salt Lake City",3000mRelay,w,FinalB,1
2,0.00,1:00.73,4,9.96,1:00.90,3,9.93,1:00.81,1,9.72,1:00.67,2008-2009,"Samsung ISU World Cup 2008/2009, USA, UT. Salt Lake City",3000mRelay,w,FinalB,1
2,9.56,1:10.30,3,9.49,1:10.40,4,9.76,1:10.57,1,9.51,1:10.19,2008-2009,"Samsung ISU World Cup 2008/2009, USA, UT. Salt Lake City",3000mRelay,w,FinalB,1
1,9.91,1:20.21,3,9.95,1:20.35,4,16.51,1:27.08,2,10.02,1:20.21,2008-2009,"Samsung ISU World Cup 2008/2009, USA, UT. Salt Lake City",3000mRelay,w,FinalB,1
1,9.85,1:30.07,3,9.85,1:30.21,4,9.93,1:37.02,2,9.91,1:30.13,2008-2009,"Samsung ISU World Cup 2008/2009, USA, UT. Salt Lake City",3000mRelay,w,FinalB,1
2,9.70,1:39.77,3,9.60,1:39.82,4,9.68,1:46.70,1,9.43,1:39.56,2008-2009,"Samsung ISU World Cup 2008/2009, USA, UT. Salt Lake City",3000mRelay,w,FinalB,1
2,9.54,1:49.32,3,9.57,1:49.39,4,9.48,1:56.18,1,9.61,1:49.17,2008-2009,"Samsung ISU World Cup 2008/2009, USA, UT. Salt Lake City",3000mRelay,w,FinalB,1
1,9.26,1:58.59,3,9.53,1:58.93,4,9.73,2:05.91,2,9.61,1:58.79,2008-2009,"Samsung ISU World Cup 2008/2009, USA, UT. Salt Lake City",3000mRelay,w,FinalB,1
2,9.45,2:08.04,3,9.26,2:08.20,4,9.90,2:15.82,1,9.01,2:07.81,2008-2009,"Samsung ISU World Cup 2008/2009, USA, UT. Salt Lake City",3000mRelay,w,FinalB,1
3,9.41,2:17.46,2,9.17,2:17.37,4,9.33,2:25.15,1,9.44,2:17.25,2008-2009,"Samsung ISU World Cup 2008/2009, USA, UT. Salt Lake City",3000mRelay,w,FinalB,1
2,8.95,2:26.41,3,9.25,2:26.63,4,9.30,2:34.45,1,9.14,2:26.40,2008-2009,"Samsung ISU World Cup 2008/2009, USA, UT. Salt Lake City",3000mRelay,w,FinalB,1
3,9.57,2:35.99,2,9.32,2:35.95,4,9.50,2:43.96,1,9.26,2:35.66,2008-2009,"Samsung ISU World Cup 2008/2009, USA, UT. Salt Lake City",3000mRelay,w,FinalB,1
2,9.33,2:45.33,3,9.70,2:45.66,4,9.57,2:53.53,1,9.51,2:45.18,2008-2009,"Samsung ISU World Cup 2008/2009, USA, UT. Salt Lake City",3000mRelay,w,FinalB,1
2,9.66,2:54.99,3,9.48,2:55.14,4,9.71,3:03.25,1,9.54,2:54.73,2008-2009,"Samsung ISU World Cup 2008/2009, USA, UT. Salt Lake City",3000mRelay,w,FinalB,1
2,9.34,3:04.34,3,9.40,3:04.54,4,9.55,3:12.81,1,9.42,3:04.15,2008-2009,"Samsung ISU World Cup 2008/2009, USA, UT. Salt Lake City",3000mRelay,w,FinalB,1
1,9.17,3:13.52,2,9.13,3:13.68,4,9.62,3:22.44,3,9.56,3:13.71,2008-2009,"Samsung ISU World Cup 2008/2009, USA, UT. Salt Lake City",3000mRelay,w,FinalB,1
3,9.75,3:23.27,2,9.46,3:23.14,4,9.34,3:31.78,1,9.30,3:23.02,2008-2009,"Samsung ISU World Cup 2008/2009, USA, UT. Salt Lake City",3000mRelay,w,FinalB,1
3,9.92,3:33.20,2,9.74,3:32.88,4,9.70,3:41.49,1,9.52,3:32.55,2008-2009,"Samsung ISU World Cup 2008/2009, USA, UT. Salt Lake City",3000mRelay,w,FinalB,1
3,9.39,3:42.59,2,9.42,3:42.31,4,9.67,3:51.17,1,9.54,3:42.09,2008-2009,"Samsung ISU World Cup 2008/2009, USA, UT. Salt Lake City",3000mRelay,w,FinalB,1
3,9.69,3:52.29,1,9.34,3:51.66,4,10.21,4:01.38,2,9.57,3:51.66,2008-2009,"Samsung ISU World Cup 2008/2009, USA, UT. Salt Lake City",3000mRelay,w,FinalB,1
3,9.08,4:01.37,2,9.32,4:00.98,4,10.53,4:11.92,1,9.25,4:00.92,2008-2009,"Samsung ISU World Cup 2008/2009, USA, UT. Salt Lake City",3000mRelay,w,FinalB,1
1,8.93,4:10.30,3,9.33,4:10.32,4,9.97,4:21.90,2,9.37,4:10.30,2008-2009,"Samsung ISU World Cup 2008/2009, USA, UT. Salt Lake City",3000mRelay,w,FinalB,1
3,9.50,4:19.793,2,9.17,4:19.481,4,10.09,4:31.988,1,9.10,4:19.396,2008-2009,"Samsung ISU World Cup 2008/2009, USA, UT. Salt Lake City",3000mRelay,w,FinalB,1
