START_POS_1 POSITION,START_POS_1 LAP TIME,START_POS_1 ELAPSED TIME,START_POS_2 POSITION,START_POS_2 LAP TIME,START_POS_2 ELAPSED TIME,START_POS_3 POSITION,START_POS_3 LAP TIME,START_POS_3 ELAPSED TIME,START_POS_4 POSITION,START_POS_4 LAP TIME,START_POS_4 ELAPSED TIME,season,competition,event,gender,round,race
2,13.06,13.06,3,13.18,13.18,1,12.93,12.93,4,13.34,13.34,2008-2009,"2009 ISU World Championships, Austria",1000M,w,Preliminaries,3
2,10.24,23.31,1,10.07,23.25,3,10.39,23.32,4,10.21,23.55,2008-2009,"2009 ISU World Championships, Austria",1000M,w,Preliminaries,3
3,10.04,33.35,1,9.95,33.21,2,9.91,33.24,4,9.87,33.43,2008-2009,"2009 ISU World Championships, Austria",1000M,w,Preliminaries,3
3,10.28,43.64,2,10.33,43.54,1,10.22,43.47,4,10.37,43.80,2008-2009,"2009 ISU World Championships, Austria",1000M,w,Preliminaries,3
3,10.15,53.79,2,10.19,53.73,1,10.18,53.65,4,10.21,54.02,2008-2009,"2009 ISU World Championships, Austria",1000M,w,Preliminaries,3
2,9.93,1:03.73,3,9.99,1:03.73,1,10.03,1:03.69,4,9.93,1:03.95,2008-2009,"2009 ISU World Championships, Austria",1000M,w,Preliminaries,3
2,9.93,1:13.67,1,9.87,1:13.61,3,10.00,1:13.69,4,9.83,1:13.78,2008-2009,"2009 ISU World Championships, Austria",1000M,w,Preliminaries,3
3,9.96,1:23.63,1,9.75,1:23.36,2,9.70,1:23.39,4,9.85,1:23.64,2008-2009,"2009 ISU World Championships, Austria",1000M,w,Preliminaries,3
2,10.11,1:33.740,1,10.07,1:33.423,0,,DQ,3,10.25,1:33.888,2008-2009,"2009 ISU World Championships, Austria",1000M,w,Preliminaries,3
