START_POS_1 POSITION,START_POS_1 LAP TIME,START_POS_1 ELAPSED TIME,START_POS_2 POSITION,START_POS_2 LAP TIME,START_POS_2 ELAPSED TIME,START_POS_3 POSITION,START_POS_3 LAP TIME,START_POS_3 ELAPSED TIME,START_POS_4 POSITION,START_POS_4 LAP TIME,START_POS_4 ELAPSED TIME,season,competition,event,gender,round,race
2,12.84,12.84,3,13.03,13.03,1,12.65,12.65,4,13.14,13.14,2008-2009,"Samsung ISU World Cup 2008/2009, CAN, BC, Vancouver",1000m(1),m,RepHeats,5
3,10.33,23.18,4,10.18,23.21,1,10.30,22.95,2,9.88,23.03,2008-2009,"Samsung ISU World Cup 2008/2009, CAN, BC, Vancouver",1000m(1),m,RepHeats,5
3,9.51,32.70,4,9.60,32.81,2,9.57,32.52,1,9.49,32.52,2008-2009,"Samsung ISU World Cup 2008/2009, CAN, BC, Vancouver",1000m(1),m,RepHeats,5
1,9.34,42.04,4,9.51,42.33,2,9.57,42.10,3,9.65,42.18,2008-2009,"Samsung ISU World Cup 2008/2009, CAN, BC, Vancouver",1000m(1),m,RepHeats,5
1,9.55,51.60,4,9.68,52.02,2,9.60,51.71,3,9.67,51.85,2008-2009,"Samsung ISU World Cup 2008/2009, CAN, BC, Vancouver",1000m(1),m,RepHeats,5
2,9.68,1:01.28,4,9.47,1:01.49,1,9.56,1:01.27,3,9.57,1:01.43,2008-2009,"Samsung ISU World Cup 2008/2009, CAN, BC, Vancouver",1000m(1),m,RepHeats,5
1,9.65,1:10.93,3,9.74,1:11.23,2,9.71,1:10.99,4,9.92,1:11.35,2008-2009,"Samsung ISU World Cup 2008/2009, CAN, BC, Vancouver",1000m(1),m,RepHeats,5
1,9.79,1:20.73,3,9.75,1:20.99,2,9.78,1:20.78,4,9.96,1:21.31,2008-2009,"Samsung ISU World Cup 2008/2009, CAN, BC, Vancouver",1000m(1),m,RepHeats,5
1,10.04,1:30.761,3,10.06,1:31.044,2,10.04,1:30.820,4,10.48,1:31.784,2008-2009,"Samsung ISU World Cup 2008/2009, CAN, BC, Vancouver",1000m(1),m,RepHeats,5
