START_POS_1 POSITION,START_POS_1 LAP TIME,START_POS_1 ELAPSED TIME,START_POS_2 POSITION,START_POS_2 LAP TIME,START_POS_2 ELAPSED TIME,START_POS_3 POSITION,START_POS_3 LAP TIME,START_POS_3 ELAPSED TIME,START_POS_4 POSITION,START_POS_4 LAP TIME,START_POS_4 ELAPSED TIME,START_POS_5 POSITION,START_POS_5 LAP TIME,START_POS_5 ELAPSED TIME,season,competition,event,gender,round,race
1,13.88,13.88,2,14.13,14.13,0,,,3,14.26,14.26,4,14.41,14.41,2008-2009,"Samsung ISU World Cup 2008/2009, CAN, BC, Vancouver",1000m(1),w,RepQuarterfinals,1
1,11.09,24.98,4,11.36,25.50,0,,,3,11.11,25.38,2,10.77,25.19,2008-2009,"Samsung ISU World Cup 2008/2009, CAN, BC, Vancouver",1000m(1),w,RepQuarterfinals,1
3,10.86,35.85,2,10.34,35.84,1,0.00,35.75,5,10.70,36.08,4,10.80,35.99,2008-2009,"Samsung ISU World Cup 2008/2009, CAN, BC, Vancouver",1000m(1),w,RepQuarterfinals,1
3,10.09,45.94,2,10.00,45.85,1,9.99,45.75,4,9.99,46.08,5,10.09,46.09,2008-2009,"Samsung ISU World Cup 2008/2009, CAN, BC, Vancouver",1000m(1),w,RepQuarterfinals,1
3,10.16,56.11,2,10.10,55.96,1,10.12,55.87,4,10.12,56.21,5,10.15,56.24,2008-2009,"Samsung ISU World Cup 2008/2009, CAN, BC, Vancouver",1000m(1),w,RepQuarterfinals,1
3,9.85,1:05.97,2,9.96,1:05.92,1,9.95,1:05.82,5,10.06,1:06.27,4,9.89,1:06.13,2008-2009,"Samsung ISU World Cup 2008/2009, CAN, BC, Vancouver",1000m(1),w,RepQuarterfinals,1
2,9.63,1:15.61,3,9.71,1:15.64,1,9.66,1:15.49,4,9.79,1:16.07,5,9.93,1:16.07,2008-2009,"Samsung ISU World Cup 2008/2009, CAN, BC, Vancouver",1000m(1),w,RepQuarterfinals,1
1,9.62,1:25.23,3,9.70,1:25.34,2,9.77,1:25.26,4,10.26,1:26.33,5,10.30,1:26.37,2008-2009,"Samsung ISU World Cup 2008/2009, CAN, BC, Vancouver",1000m(1),w,RepQuarterfinals,1
3,10.04,1:35.266,2,9.89,1:35.229,1,9.91,1:35.165,4,10.61,1:36.937,5,11.20,1:37.567,2008-2009,"Samsung ISU World Cup 2008/2009, CAN, BC, Vancouver",1000m(1),w,RepQuarterfinals,1
