START_POS_1 POSITION,START_POS_1 LAP TIME,START_POS_1 ELAPSED TIME,START_POS_2 POSITION,START_POS_2 LAP TIME,START_POS_2 ELAPSED TIME,START_POS_3 POSITION,START_POS_3 LAP TIME,START_POS_3 ELAPSED TIME,START_POS_4 POSITION,START_POS_4 LAP TIME,START_POS_4 ELAPSED TIME,season,competition,event,gender,round,race
2,13.08,13.08,4,13.81,13.81,1,13.06,13.06,3,13.39,13.39,2009-2010,"ISU World Cup 2009/2010, CAN, Montreal",1000m,w,Pre-Preliminaries,15
2,10.31,23.39,4,10.74,24.55,1,10.13,23.19,3,10.15,23.54,2009-2010,"ISU World Cup 2009/2010, CAN, Montreal",1000m,w,Pre-Preliminaries,15
2,10.09,33.48,4,10.90,35.45,1,10.24,33.43,3,10.21,33.75,2009-2010,"ISU World Cup 2009/2010, CAN, Montreal",1000m,w,Pre-Preliminaries,15
1,10.11,43.59,4,11.35,46.80,2,10.18,43.61,3,10.12,43.87,2009-2010,"ISU World Cup 2009/2010, CAN, Montreal",1000m,w,Pre-Preliminaries,15
1,9.79,53.38,4,11.68,58.48,2,10.01,53.62,3,9.89,53.76,2009-2010,"ISU World Cup 2009/2010, CAN, Montreal",1000m,w,Pre-Preliminaries,15
1,9.83,1:03.21,4,12.08,1:10.56,2,9.80,1:03.42,3,9.90,1:03.66,2009-2010,"ISU World Cup 2009/2010, CAN, Montreal",1000m,w,Pre-Preliminaries,15
1,10.07,1:13.28,4,13.68,1:24.24,2,9.94,1:13.36,3,9.91,1:13.57,2009-2010,"ISU World Cup 2009/2010, CAN, Montreal",1000m,w,Pre-Preliminaries,15
1,9.96,1:23.24,4,12.71,1:36.95,2,9.96,1:23.32,3,9.98,1:23.55,2009-2010,"ISU World Cup 2009/2010, CAN, Montreal",1000m,w,Pre-Preliminaries,15
1,9.83,1:33.065,4,13.21,1:50.160,3,10.33,1:33.645,2,10.08,1:33.623,2009-2010,"ISU World Cup 2009/2010, CAN, Montreal",1000m,w,Pre-Preliminaries,15
