START_POS_1 POSITION,START_POS_1 LAP TIME,START_POS_1 ELAPSED TIME,START_POS_2 POSITION,START_POS_2 LAP TIME,START_POS_2 ELAPSED TIME,START_POS_3 POSITION,START_POS_3 LAP TIME,START_POS_3 ELAPSED TIME,START_POS_4 POSITION,START_POS_4 LAP TIME,START_POS_4 ELAPSED TIME,season,competition,event,gender,round,race
4,14.58,14.58,3,14.35,14.35,2,14.25,14.25,1,14.20,14.20,2009-2010,"ISU World Cup 2009/2010, CAN, Montreal",1000m,m,Races,17
4,10.97,25.55,3,11.06,25.41,2,11.13,25.38,1,11.02,25.22,2009-2010,"ISU World Cup 2009/2010, CAN, Montreal",1000m,m,Races,17
4,10.73,36.28,1,10.63,36.04,2,10.69,36.07,3,10.86,36.08,2009-2010,"ISU World Cup 2009/2010, CAN, Montreal",1000m,m,Races,17
4,10.09,46.37,1,9.86,45.90,2,9.89,45.96,3,10.05,46.13,2009-2010,"ISU World Cup 2009/2010, CAN, Montreal",1000m,m,Races,17
4,9.69,56.06,2,9.67,55.57,1,9.57,55.53,3,9.65,55.78,2009-2010,"ISU World Cup 2009/2010, CAN, Montreal",1000m,m,Races,17
4,9.83,1:05.89,2,9.90,1:05.47,1,9.91,1:05.44,3,9.87,1:05.65,2009-2010,"ISU World Cup 2009/2010, CAN, Montreal",1000m,m,Races,17
4,10.02,1:15.91,1,9.07,1:14.54,2,9.33,1:14.77,3,9.31,1:14.96,2009-2010,"ISU World Cup 2009/2010, CAN, Montreal",1000m,m,Races,17
4,10.50,1:26.41,1,9.31,1:23.85,2,9.24,1:24.01,3,9.29,1:24.25,2009-2010,"ISU World Cup 2009/2010, CAN, Montreal",1000m,m,Races,17
4,10.71,1:37.116,1,9.42,1:33.268,2,9.39,1:33.400,3,9.45,1:33.695,2009-2010,"ISU World Cup 2009/2010, CAN, Montreal",1000m,m,Races,17
