START_POS_1 POSITION,START_POS_1 LAP TIME,START_POS_1 ELAPSED TIME,START_POS_2 POSITION,START_POS_2 LAP TIME,START_POS_2 ELAPSED TIME,START_POS_3 POSITION,START_POS_3 LAP TIME,START_POS_3 ELAPSED TIME,START_POS_4 POSITION,START_POS_4 LAP TIME,START_POS_4 ELAPSED TIME,season,competition,event,gender,round,race
1,13.25,13.25,4,13.66,13.66,3,13.64,13.64,2,13.48,13.48,2009-2010,"ISU World Cup 2009/2010, USA, Marquette",1000m,w,Preliminaries,4
1,9.45,22.70,3,9.64,23.30,4,9.76,23.40,2,9.61,23.09,2009-2010,"ISU World Cup 2009/2010, USA, Marquette",1000m,w,Preliminaries,4
1,10.13,32.83,3,10.09,33.39,4,9.99,33.39,2,10.09,33.18,2009-2010,"ISU World Cup 2009/2010, USA, Marquette",1000m,w,Preliminaries,4
1,10.24,43.07,3,10.05,43.44,4,10.17,43.56,2,10.05,43.23,2009-2010,"ISU World Cup 2009/2010, USA, Marquette",1000m,w,Preliminaries,4
1,10.39,53.46,3,10.46,53.90,4,10.41,53.97,2,10.48,53.71,2009-2010,"ISU World Cup 2009/2010, USA, Marquette",1000m,w,Preliminaries,4
1,10.05,1:03.51,4,10.19,1:04.09,3,10.01,1:03.98,2,10.14,1:03.85,2009-2010,"ISU World Cup 2009/2010, USA, Marquette",1000m,w,Preliminaries,4
1,9.98,1:13.49,4,10.65,1:14.74,3,9.91,1:13.89,2,9.94,1:13.79,2009-2010,"ISU World Cup 2009/2010, USA, Marquette",1000m,w,Preliminaries,4
1,9.76,1:23.25,4,11.19,1:25.93,3,9.84,1:23.73,2,9.70,1:23.49,2009-2010,"ISU World Cup 2009/2010, USA, Marquette",1000m,w,Preliminaries,4
1,10.06,1:33.307,4,11.23,1:37.159,3,9.93,1:33.653,2,10.04,1:33.526,2009-2010,"ISU World Cup 2009/2010, USA, Marquette",1000m,w,Preliminaries,4
