START_POS_1 POSITION,START_POS_1 LAP TIME,START_POS_1 ELAPSED TIME,START_POS_2 POSITION,START_POS_2 LAP TIME,START_POS_2 ELAPSED TIME,START_POS_3 POSITION,START_POS_3 LAP TIME,START_POS_3 ELAPSED TIME,START_POS_4 POSITION,START_POS_4 LAP TIME,START_POS_4 ELAPSED TIME,season,competition,event,gender,round,race
2,13.19,13.19,1,13.17,13.17,3,13.46,13.46,4,13.65,13.65,2010-2011,"ISU World Cup 2010/2011, CHN, Changchun",1000m,w,Quarterfinals,3
2,9.95,23.14,1,9.83,23.00,4,9.86,23.32,3,9.65,23.30,2010-2011,"ISU World Cup 2010/2011, CHN, Changchun",1000m,w,Quarterfinals,3
2,10.12,33.26,1,10.08,33.08,4,10.18,33.50,3,10.13,33.43,2010-2011,"ISU World Cup 2010/2011, CHN, Changchun",1000m,w,Quarterfinals,3
2,9.91,43.17,1,10.05,43.13,4,9.86,43.36,3,9.85,43.28,2010-2011,"ISU World Cup 2010/2011, CHN, Changchun",1000m,w,Quarterfinals,3
1,9.83,53.00,3,10.19,53.32,4,10.11,53.47,2,10.00,53.28,2010-2011,"ISU World Cup 2010/2011, CHN, Changchun",1000m,w,Quarterfinals,3
1,9.86,1:02.86,3,10.01,1:03.33,4,9.93,1:03.40,2,9.66,1:02.94,2010-2011,"ISU World Cup 2010/2011, CHN, Changchun",1000m,w,Quarterfinals,3
2,9.81,1:12.67,4,10.02,1:13.35,3,9.80,1:13.20,1,9.57,1:12.51,2010-2011,"ISU World Cup 2010/2011, CHN, Changchun",1000m,w,Quarterfinals,3
2,9.96,1:22.63,4,10.26,1:23.61,3,9.95,1:23.15,1,9.97,1:22.48,2010-2011,"ISU World Cup 2010/2011, CHN, Changchun",1000m,w,Quarterfinals,3
2,10.28,1:32.905,4,11.29,1:34.894,3,10.22,1:33.367,1,10.23,1:32.710,2010-2011,"ISU World Cup 2010/2011, CHN, Changchun",1000m,w,Quarterfinals,3
