START_POS_1 POSITION,START_POS_1 LAP TIME,START_POS_1 ELAPSED TIME,START_POS_2 POSITION,START_POS_2 LAP TIME,START_POS_2 ELAPSED TIME,START_POS_3 POSITION,START_POS_3 LAP TIME,START_POS_3 ELAPSED TIME,START_POS_4 POSITION,START_POS_4 LAP TIME,START_POS_4 ELAPSED TIME,season,competition,event,gender,round,race
4,15.10,15.10,3,15.01,15.01,2,14.91,14.91,1,14.80,14.80,2010-2011,"ISU World Cup 2010/2011, RUS, Moscow",1000m(1),w,RepQuarterfinals,1
4,12.08,27.18,3,12.07,27.08,2,12.06,26.97,1,12.05,26.85,2010-2011,"ISU World Cup 2010/2011, RUS, Moscow",1000m(1),w,RepQuarterfinals,1
4,12.20,39.38,3,12.18,39.26,2,12.17,39.14,1,12.16,39.01,2010-2011,"ISU World Cup 2010/2011, RUS, Moscow",1000m(1),w,RepQuarterfinals,1
4,11.58,50.96,3,11.51,50.77,2,11.50,50.64,1,11.62,50.63,2010-2011,"ISU World Cup 2010/2011, RUS, Moscow",1000m(1),w,RepQuarterfinals,1
4,10.52,1:01.48,3,10.50,1:01.27,2,10.61,1:01.25,1,10.57,1:01.20,2010-2011,"ISU World Cup 2010/2011, RUS, Moscow",1000m(1),w,RepQuarterfinals,1
4,10.02,1:11.50,2,10.03,1:11.30,3,10.14,1:11.39,1,10.02,1:11.22,2010-2011,"ISU World Cup 2010/2011, RUS, Moscow",1000m(1),w,RepQuarterfinals,1
4,10.21,1:21.71,2,10.20,1:21.50,3,10.22,1:21.61,1,10.19,1:21.41,2010-2011,"ISU World Cup 2010/2011, RUS, Moscow",1000m(1),w,RepQuarterfinals,1
4,9.96,1:31.67,2,10.08,1:31.58,3,10.04,1:31.65,1,10.06,1:31.47,2010-2011,"ISU World Cup 2010/2011, RUS, Moscow",1000m(1),w,RepQuarterfinals,1
1,9.70,1:41.371,3,10.23,1:41.803,4,10.25,1:41.895,2,10.17,1:41.637,2010-2011,"ISU World Cup 2010/2011, RUS, Moscow",1000m(1),w,RepQuarterfinals,1
