START_POS_1 POSITION,START_POS_1 LAP TIME,START_POS_1 ELAPSED TIME,START_POS_2 POSITION,START_POS_2 LAP TIME,START_POS_2 ELAPSED TIME,START_POS_3 POSITION,START_POS_3 LAP TIME,START_POS_3 ELAPSED TIME,START_POS_4 POSITION,START_POS_4 LAP TIME,START_POS_4 ELAPSED TIME,season,competition,event,gender,round,race
4,14.53,14.53,2,14.03,14.03,1,13.98,13.98,3,14.23,14.23,2010-2011,"ISU World Cup 2010/2011, RUS, Moscow",1000m(1),w,Quarterfinals,1
4,10.49,25.02,2,10.74,24.77,1,10.68,24.66,3,10.64,24.87,2010-2011,"ISU World Cup 2010/2011, RUS, Moscow",1000m(1),w,Quarterfinals,1
4,10.59,35.61,2,10.53,35.30,1,10.64,35.30,3,10.61,35.48,2010-2011,"ISU World Cup 2010/2011, RUS, Moscow",1000m(1),w,Quarterfinals,1
4,10.01,45.62,1,10.06,45.36,2,10.10,45.40,3,10.05,45.53,2010-2011,"ISU World Cup 2010/2011, RUS, Moscow",1000m(1),w,Quarterfinals,1
4,9.82,55.44,1,9.76,55.12,2,9.80,55.20,3,9.79,55.32,2010-2011,"ISU World Cup 2010/2011, RUS, Moscow",1000m(1),w,Quarterfinals,1
4,9.95,1:05.39,1,9.86,1:04.98,2,9.84,1:05.04,3,9.87,1:05.19,2010-2011,"ISU World Cup 2010/2011, RUS, Moscow",1000m(1),w,Quarterfinals,1
4,9.60,1:14.99,1,9.55,1:14.53,2,9.57,1:14.61,3,9.44,1:14.63,2010-2011,"ISU World Cup 2010/2011, RUS, Moscow",1000m(1),w,Quarterfinals,1
4,9.76,1:24.75,1,9.51,1:24.04,3,9.62,1:24.23,2,9.43,1:24.06,2010-2011,"ISU World Cup 2010/2011, RUS, Moscow",1000m(1),w,Quarterfinals,1
4,10.19,1:34.935,2,9.85,1:33.882,3,9.92,1:34.144,1,9.69,1:33.749,2010-2011,"ISU World Cup 2010/2011, RUS, Moscow",1000m(1),w,Quarterfinals,1
