START_POS_1 POSITION,START_POS_1 LAP TIME,START_POS_1 ELAPSED TIME,START_POS_2 POSITION,START_POS_2 LAP TIME,START_POS_2 ELAPSED TIME,START_POS_3 POSITION,START_POS_3 LAP TIME,START_POS_3 ELAPSED TIME,START_POS_4 POSITION,START_POS_4 LAP TIME,START_POS_4 ELAPSED TIME,season,competition,event,gender,round,race
1,12.29,12.29,2,12.42,12.42,3,12.61,12.61,4,12.79,12.79,2011-2012,"ISU World Cup 2011/2012, JPN, Nagoya",1000m(2),m,RepHeats,2
1,9.29,21.58,2,9.25,21.67,3,9.26,21.87,4,9.17,21.96,2011-2012,"ISU World Cup 2011/2012, JPN, Nagoya",1000m(2),m,RepHeats,2
1,9.26,30.84,2,9.25,30.92,3,9.17,31.04,4,9.17,31.13,2011-2012,"ISU World Cup 2011/2012, JPN, Nagoya",1000m(2),m,RepHeats,2
2,9.28,40.12,1,9.19,40.11,3,9.27,40.31,4,9.30,40.43,2011-2012,"ISU World Cup 2011/2012, JPN, Nagoya",1000m(2),m,RepHeats,2
2,9.27,49.39,1,9.18,49.29,3,9.18,49.49,4,9.19,49.62,2011-2012,"ISU World Cup 2011/2012, JPN, Nagoya",1000m(2),m,RepHeats,2
2,9.24,58.63,1,9.23,58.52,3,9.28,58.77,4,9.25,58.87,2011-2012,"ISU World Cup 2011/2012, JPN, Nagoya",1000m(2),m,RepHeats,2
2,9.30,1:07.93,1,9.29,1:07.81,3,9.25,1:08.02,4,9.49,1:08.36,2011-2012,"ISU World Cup 2011/2012, JPN, Nagoya",1000m(2),m,RepHeats,2
3,9.69,1:17.62,1,9.44,1:17.25,2,9.43,1:17.45,4,9.78,1:18.14,2011-2012,"ISU World Cup 2011/2012, JPN, Nagoya",1000m(2),m,RepHeats,2
3,9.63,1:27.243,1,9.67,1:26.920,2,9.61,1:27.056,4,10.04,1:28.177,2011-2012,"ISU World Cup 2011/2012, JPN, Nagoya",1000m(2),m,RepHeats,2
