START_POS_1 POSITION,START_POS_1 LAP TIME,START_POS_1 ELAPSED TIME,START_POS_2 POSITION,START_POS_2 LAP TIME,START_POS_2 ELAPSED TIME,START_POS_3 POSITION,START_POS_3 LAP TIME,START_POS_3 ELAPSED TIME,START_POS_4 POSITION,START_POS_4 LAP TIME,START_POS_4 ELAPSED TIME,START_POS_5 POSITION,START_POS_5 LAP TIME,START_POS_5 ELAPSED TIME,season,competition,event,gender,round,race
1,13.18,13.18,2,13.19,13.19,,,,3,13.30,13.30,4,13.43,13.43,2011-2012,"ISU World Cup 2011/2012, CAN, Saguenay",1000m,m,Preliminaries,1
1,9.86,23.04,2,9.93,23.12,,,,3,9.95,23.25,4,9.82,23.25,2011-2012,"ISU World Cup 2011/2012, CAN, Saguenay",1000m,m,Preliminaries,1
1,9.95,32.99,2,9.92,33.04,,,,4,10.03,33.28,3,9.92,33.17,2011-2012,"ISU World Cup 2011/2012, CAN, Saguenay",1000m,m,Preliminaries,1
1,9.63,42.62,2,9.70,42.74,,,,4,9.69,42.97,3,9.69,42.86,2011-2012,"ISU World Cup 2011/2012, CAN, Saguenay",1000m,m,Preliminaries,1
1,9.55,52.17,2,9.52,52.26,,,,4,9.49,52.46,3,9.50,52.36,2011-2012,"ISU World Cup 2011/2012, CAN, Saguenay",1000m,m,Preliminaries,1
1,9.50,1:01.67,2,9.50,1:01.76,,,,4,9.51,1:01.97,3,9.50,1:01.86,2011-2012,"ISU World Cup 2011/2012, CAN, Saguenay",1000m,m,Preliminaries,1
1,9.37,1:11.04,2,9.35,1:11.11,,,,4,9.29,1:11.26,3,9.26,1:11.12,2011-2012,"ISU World Cup 2011/2012, CAN, Saguenay",1000m,m,Preliminaries,1
1,9.29,1:20.33,4,9.63,1:20.74,,,,3,9.23,1:20.49,2,9.36,1:20.48,2011-2012,"ISU World Cup 2011/2012, CAN, Saguenay",1000m,m,Preliminaries,1
1,9.34,1:29.667,4,10.00,1:30.737,0,,DNS,3,9.49,1:29.979,2,9.29,1:29.769,2011-2012,"ISU World Cup 2011/2012, CAN, Saguenay",1000m,m,Preliminaries,1
