START_POS_1 POSITION,START_POS_1 LAP TIME,START_POS_1 ELAPSED TIME,START_POS_2 POSITION,START_POS_2 LAP TIME,START_POS_2 ELAPSED TIME,START_POS_3 POSITION,START_POS_3 LAP TIME,START_POS_3 ELAPSED TIME,START_POS_4 POSITION,START_POS_4 LAP TIME,START_POS_4 ELAPSED TIME,season,competition,event,gender,round,race
2,13.47,13.47,1,13.37,13.37,4,13.71,13.71,3,13.61,13.61,2011-2012,"ISU World Cup 2011/2012, RUS, Moscow",1000m,m,RepHeats,8
2,11.38,24.85,1,11.39,24.76,4,11.32,25.03,3,11.35,24.96,2011-2012,"ISU World Cup 2011/2012, RUS, Moscow",1000m,m,RepHeats,8
2,11.44,36.29,1,11.35,36.11,4,11.52,36.55,3,11.48,36.44,2011-2012,"ISU World Cup 2011/2012, RUS, Moscow",1000m,m,RepHeats,8
1,10.97,47.26,2,11.20,47.31,4,11.03,47.58,3,11.02,47.46,2011-2012,"ISU World Cup 2011/2012, RUS, Moscow",1000m,m,RepHeats,8
1,10.73,57.99,2,10.80,58.11,4,10.73,58.31,3,10.78,58.24,2011-2012,"ISU World Cup 2011/2012, RUS, Moscow",1000m,m,RepHeats,8
2,10.61,1:08.60,1,10.47,1:08.58,4,10.56,1:08.87,3,10.52,1:08.76,2011-2012,"ISU World Cup 2011/2012, RUS, Moscow",1000m,m,RepHeats,8
2,9.53,1:18.13,1,9.39,1:17.97,4,9.73,1:18.60,3,9.75,1:18.51,2011-2012,"ISU World Cup 2011/2012, RUS, Moscow",1000m,m,RepHeats,8
2,9.19,1:27.32,1,9.23,1:27.20,4,9.62,1:28.22,3,9.64,1:28.15,2011-2012,"ISU World Cup 2011/2012, RUS, Moscow",1000m,m,RepHeats,8
2,9.19,1:36.507,1,9.28,1:36.480,3,9.70,1:37.911,4,9.83,1:37.974,2011-2012,"ISU World Cup 2011/2012, RUS, Moscow",1000m,m,RepHeats,8
