START_POS_1 POSITION,START_POS_1 LAP TIME,START_POS_1 ELAPSED TIME,START_POS_2 POSITION,START_POS_2 LAP TIME,START_POS_2 ELAPSED TIME,START_POS_3 POSITION,START_POS_3 LAP TIME,START_POS_3 ELAPSED TIME,START_POS_4 POSITION,START_POS_4 LAP TIME,START_POS_4 ELAPSED TIME,season,competition,event,gender,round,race
1,13.97,13.97,2,14.08,14.08,4,14.18,14.18,3,14.14,14.14,2011-2012,"ISU World Cup 2011/2012, USA, Salt Lake City",1000m,m,Preliminaries,9
2,10.70,24.67,3,10.69,24.77,4,10.73,24.91,1,10.37,24.51,2011-2012,"ISU World Cup 2011/2012, USA, Salt Lake City",1000m,m,Preliminaries,9
2,10.53,35.20,4,10.57,35.34,3,10.38,35.29,1,10.51,35.02,2011-2012,"ISU World Cup 2011/2012, USA, Salt Lake City",1000m,m,Preliminaries,9
3,9.60,44.80,4,9.64,44.98,2,9.29,44.58,1,9.54,44.56,2011-2012,"ISU World Cup 2011/2012, USA, Salt Lake City",1000m,m,Preliminaries,9
3,9.04,53.84,4,9.18,54.16,2,9.14,53.72,1,9.03,53.59,2011-2012,"ISU World Cup 2011/2012, USA, Salt Lake City",1000m,m,Preliminaries,9
3,9.07,1:02.91,4,9.32,1:03.48,2,9.11,1:02.83,1,9.14,1:02.73,2011-2012,"ISU World Cup 2011/2012, USA, Salt Lake City",1000m,m,Preliminaries,9
3,9.18,1:12.09,4,9.61,1:13.09,2,9.12,1:11.95,1,9.16,1:11.89,2011-2012,"ISU World Cup 2011/2012, USA, Salt Lake City",1000m,m,Preliminaries,9
3,9.32,1:21.41,4,10.00,1:23.09,1,9.22,1:21.17,2,9.35,1:21.24,2011-2012,"ISU World Cup 2011/2012, USA, Salt Lake City",1000m,m,Preliminaries,9
3,9.50,1:30.902,4,10.30,1:33.384,1,9.59,1:30.753,2,9.52,1:30.760,2011-2012,"ISU World Cup 2011/2012, USA, Salt Lake City",1000m,m,Preliminaries,9
