START_POS_1 POSITION,START_POS_1 LAP TIME,START_POS_1 ELAPSED TIME,START_POS_2 POSITION,START_POS_2 LAP TIME,START_POS_2 ELAPSED TIME,START_POS_3 POSITION,START_POS_3 LAP TIME,START_POS_3 ELAPSED TIME,START_POS_4 POSITION,START_POS_4 LAP TIME,START_POS_4 ELAPSED TIME,season,competition,event,gender,round,race
1,13.77,13.77,3,13.92,13.92,2,13.89,13.89,4,14.09,14.09,2011-2012,"ISU World Cup 2011/2012, CHN, Shanghai",1000m,w,FinalB,1
2,10.44,24.21,1,10.20,24.12,3,10.41,24.30,4,10.35,24.44,2011-2012,"ISU World Cup 2011/2012, CHN, Shanghai",1000m,w,FinalB,1
2,10.09,34.30,3,10.34,34.46,1,9.91,34.21,4,10.09,34.53,2011-2012,"ISU World Cup 2011/2012, CHN, Shanghai",1000m,w,FinalB,1
2,10.06,44.36,3,10.05,44.51,1,10.05,44.26,4,10.11,44.64,2011-2012,"ISU World Cup 2011/2012, CHN, Shanghai",1000m,w,FinalB,1
2,9.90,54.26,3,9.89,54.40,1,9.90,54.16,4,9.88,54.52,2011-2012,"ISU World Cup 2011/2012, CHN, Shanghai",1000m,w,FinalB,1
2,9.74,1:04.00,3,9.72,1:04.12,1,9.70,1:03.86,4,9.70,1:04.22,2011-2012,"ISU World Cup 2011/2012, CHN, Shanghai",1000m,w,FinalB,1
2,9.64,1:13.64,3,9.56,1:13.68,1,9.55,1:13.41,4,9.56,1:13.78,2011-2012,"ISU World Cup 2011/2012, CHN, Shanghai",1000m,w,FinalB,1
4,9.89,1:23.53,2,9.52,1:23.20,1,9.67,1:23.08,3,9.74,1:23.52,2011-2012,"ISU World Cup 2011/2012, CHN, Shanghai",1000m,w,FinalB,1
4,10.29,1:33.819,1,9.68,1:32.876,3,9.97,1:33.043,2,9.49,1:33.007,2011-2012,"ISU World Cup 2011/2012, CHN, Shanghai",1000m,w,FinalB,1
