START_POS_1 POSITION,START_POS_1 LAP TIME,START_POS_1 ELAPSED TIME,START_POS_2 POSITION,START_POS_2 LAP TIME,START_POS_2 ELAPSED TIME,START_POS_3 POSITION,START_POS_3 LAP TIME,START_POS_3 ELAPSED TIME,START_POS_4 POSITION,START_POS_4 LAP TIME,START_POS_4 ELAPSED TIME,season,competition,event,gender,round,race
2,12.15,12.15,3,12.26,12.26,1,11.92,11.92,4,12.35,12.35,2011-2012,"2012 ISU World Championships, CHN, Shanghai",1000m,m,Heats,2
2,9.39,21.54,3,9.36,21.62,1,9.51,21.43,4,9.35,21.70,2011-2012,"2012 ISU World Championships, CHN, Shanghai",1000m,m,Heats,2
2,9.59,31.13,3,9.57,31.19,1,9.63,31.06,4,9.63,31.33,2011-2012,"2012 ISU World Championships, CHN, Shanghai",1000m,m,Heats,2
1,9.44,40.57,2,9.43,40.62,3,9.61,40.67,4,9.49,40.82,2011-2012,"2012 ISU World Championships, CHN, Shanghai",1000m,m,Heats,2
1,9.47,50.04,2,9.47,50.09,3,9.58,50.25,4,9.51,50.33,2011-2012,"2012 ISU World Championships, CHN, Shanghai",1000m,m,Heats,2
2,9.37,59.41,1,9.15,59.24,3,9.26,59.51,4,9.30,59.63,2011-2012,"2012 ISU World Championships, CHN, Shanghai",1000m,m,Heats,2
2,9.05,1:08.46,1,9.09,1:08.33,3,9.05,1:08.56,4,9.00,1:08.63,2011-2012,"2012 ISU World Championships, CHN, Shanghai",1000m,m,Heats,2
2,9.04,1:17.50,1,9.03,1:17.36,3,9.09,1:17.65,4,9.12,1:17.75,2011-2012,"2012 ISU World Championships, CHN, Shanghai",1000m,m,Heats,2
1,9.00,1:26.496,2,9.21,1:26.562,3,9.37,1:27.021,4,9.32,1:27.065,2011-2012,"2012 ISU World Championships, CHN, Shanghai",1000m,m,Heats,2
