START_POS_1 POSITION,START_POS_1 LAP TIME,START_POS_1 ELAPSED TIME,START_POS_2 POSITION,START_POS_2 LAP TIME,START_POS_2 ELAPSED TIME,START_POS_3 POSITION,START_POS_3 LAP TIME,START_POS_3 ELAPSED TIME,START_POS_4 POSITION,START_POS_4 LAP TIME,START_POS_4 ELAPSED TIME,season,competition,event,gender,round,race
2,14.11,14.11,1,13.91,13.91,3,14.27,14.27,4,14.31,14.31,2011-2012,1st Winter Youth Olympic Games,1000m,w,Quarterfinals,3
2,10.81,24.92,1,10.94,24.85,3,10.72,24.99,4,10.89,25.20,2011-2012,1st Winter Youth Olympic Games,1000m,w,Quarterfinals,3
1,10.56,35.48,2,10.64,35.49,3,10.70,35.69,4,10.76,35.96,2011-2012,1st Winter Youth Olympic Games,1000m,w,Quarterfinals,3
2,10.91,46.39,1,10.74,46.23,4,28.92,1:04.61,3,10.72,46.68,2011-2012,1st Winter Youth Olympic Games,1000m,w,Quarterfinals,3
2,11.07,57.46,1,11.17,57.40,4,16.37,1:20.98,3,11.28,57.96,2011-2012,1st Winter Youth Olympic Games,1000m,w,Quarterfinals,3
2,10.61,1:08.07,1,10.64,1:08.04,4,13.71,1:34.69,3,11.30,1:09.26,2011-2012,1st Winter Youth Olympic Games,1000m,w,Quarterfinals,3
1,10.68,1:18.75,2,10.75,1:18.79,4,12.73,1:47.42,3,11.00,1:20.26,2011-2012,1st Winter Youth Olympic Games,1000m,w,Quarterfinals,3
2,10.52,1:29.27,1,10.31,1:29.10,,,,3,11.16,1:31.42,2011-2012,1st Winter Youth Olympic Games,1000m,w,Quarterfinals,3
2,10.54,1:39.809,1,10.51,1:39.607,0,,DNF,3,11.51,1:42.928,2011-2012,1st Winter Youth Olympic Games,1000m,w,Quarterfinals,3
