START_POS_1 POSITION,START_POS_1 LAP TIME,START_POS_1 ELAPSED TIME,START_POS_2 POSITION,START_POS_2 LAP TIME,START_POS_2 ELAPSED TIME,START_POS_3 POSITION,START_POS_3 LAP TIME,START_POS_3 ELAPSED TIME,START_POS_4 POSITION,START_POS_4 LAP TIME,START_POS_4 ELAPSED TIME,START_POS_5 POSITION,START_POS_5 LAP TIME,START_POS_5 ELAPSED TIME,season,competition,event,gender,round,race
2,12.58,12.58,3,12.68,12.68,5,12.90,12.90,1,12.41,12.41,4,12.77,12.77,2011-2012,"ISU World Cup 2011/2012, CHN, Shanghai",1000m,m,Quarterfinals,3
3,9.87,22.45,2,9.70,22.38,4,9.61,22.51,1,9.87,22.28,5,9.86,22.63,2011-2012,"ISU World Cup 2011/2012, CHN, Shanghai",1000m,m,Quarterfinals,3
2,9.27,31.72,1,9.27,31.65,4,9.34,31.85,3,9.50,31.78,5,9.37,32.00,2011-2012,"ISU World Cup 2011/2012, CHN, Shanghai",1000m,m,Quarterfinals,3
2,9.58,41.30,1,9.57,41.22,3,9.55,41.40,4,9.72,41.50,5,9.61,41.61,2011-2012,"ISU World Cup 2011/2012, CHN, Shanghai",1000m,m,Quarterfinals,3
2,9.67,50.97,1,9.65,50.87,3,9.69,51.09,4,9.70,51.20,5,9.74,51.35,2011-2012,"ISU World Cup 2011/2012, CHN, Shanghai",1000m,m,Quarterfinals,3
1,9.17,1:00.14,2,9.43,1:00.30,3,9.26,1:00.35,5,9.45,1:00.65,4,9.26,1:00.61,2011-2012,"ISU World Cup 2011/2012, CHN, Shanghai",1000m,m,Quarterfinals,3
1,9.07,1:09.21,5,49.83,1:50.13,2,9.12,1:09.47,4,9.70,1:10.35,3,9.36,1:09.97,2011-2012,"ISU World Cup 2011/2012, CHN, Shanghai",1000m,m,Quarterfinals,3
1,9.09,1:18.30,5,18.17,2:08.30,2,8.90,1:18.37,4,9.75,1:20.10,3,9.47,1:19.44,2011-2012,"ISU World Cup 2011/2012, CHN, Shanghai",1000m,m,Quarterfinals,3
1,9.39,1:27.685,,,,2,9.42,1:27.788,4,9.98,1:30.075,3,9.86,1:29.299,2011-2012,"ISU World Cup 2011/2012, CHN, Shanghai",1000m,m,Quarterfinals,3
