START_POS_1 POSITION,START_POS_1 LAP TIME,START_POS_1 ELAPSED TIME,START_POS_2 POSITION,START_POS_2 LAP TIME,START_POS_2 ELAPSED TIME,START_POS_3 POSITION,START_POS_3 LAP TIME,START_POS_3 ELAPSED TIME,START_POS_4 POSITION,START_POS_4 LAP TIME,START_POS_4 ELAPSED TIME,season,competition,event,gender,round,race
2,14.35,14.35,4,14.71,14.71,3,14.53,14.53,1,14.22,14.22,2012-2013,"ISU World Cup 2012/2013, Sochi (RUS)",1000m,m,RepHeats,3
3,10.88,25.23,1,10.27,24.98,4,10.84,25.37,2,10.92,25.14,2012-2013,"ISU World Cup 2012/2013, Sochi (RUS)",1000m,m,RepHeats,3
2,9.93,35.16,1,10.12,35.10,4,9.96,35.33,3,10.03,35.17,2012-2013,"ISU World Cup 2012/2013, Sochi (RUS)",1000m,m,RepHeats,3
2,9.71,44.87,1,9.71,44.81,3,9.64,44.97,4,9.87,45.04,2012-2013,"ISU World Cup 2012/2013, Sochi (RUS)",1000m,m,RepHeats,3
2,9.51,54.38,1,9.49,54.30,3,9.50,54.47,4,9.57,54.61,2012-2013,"ISU World Cup 2012/2013, Sochi (RUS)",1000m,m,RepHeats,3
1,9.19,1:03.57,2,9.31,1:03.61,3,9.23,1:03.70,4,9.28,1:03.89,2012-2013,"ISU World Cup 2012/2013, Sochi (RUS)",1000m,m,RepHeats,3
1,9.14,1:12.71,3,9.30,1:12.91,2,9.12,1:12.82,4,9.17,1:13.06,2012-2013,"ISU World Cup 2012/2013, Sochi (RUS)",1000m,m,RepHeats,3
1,9.33,1:22.04,3,9.36,1:22.27,2,9.31,1:22.13,4,9.32,1:22.38,2012-2013,"ISU World Cup 2012/2013, Sochi (RUS)",1000m,m,RepHeats,3
1,9.44,1:31.477,3,9.45,1:31.719,2,9.42,1:31.545,4,9.49,1:31.864,2012-2013,"ISU World Cup 2012/2013, Sochi (RUS)",1000m,m,RepHeats,3
