START_POS_1 POSITION,START_POS_1 LAP TIME,START_POS_1 ELAPSED TIME,START_POS_2 POSITION,START_POS_2 LAP TIME,START_POS_2 ELAPSED TIME,START_POS_3 POSITION,START_POS_3 LAP TIME,START_POS_3 ELAPSED TIME,START_POS_4 POSITION,START_POS_4 LAP TIME,START_POS_4 ELAPSED TIME,season,competition,event,gender,round,race
1,18.69,18.69,4,19.15,19.15,2,18.81,18.81,3,18.99,18.99,2012-2013,"2013 ISU World Junior Championships, Warsaw (POL)",1000m,w,Preliminaries,14
1,15.57,34.26,4,15.63,34.78,2,15.59,34.40,3,15.57,34.56,2012-2013,"2013 ISU World Junior Championships, Warsaw (POL)",1000m,w,Preliminaries,14
1,14.76,49.02,4,14.71,49.49,2,14.74,49.14,3,14.72,49.28,2012-2013,"2013 ISU World Junior Championships, Warsaw (POL)",1000m,w,Preliminaries,14
1,14.45,1:03.47,4,14.39,1:03.88,2,14.33,1:03.47,3,14.36,1:03.64,2012-2013,"2013 ISU World Junior Championships, Warsaw (POL)",1000m,w,Preliminaries,14
1,11.78,1:15.25,4,11.67,1:15.55,2,11.90,1:15.37,3,11.86,1:15.50,2012-2013,"2013 ISU World Junior Championships, Warsaw (POL)",1000m,w,Preliminaries,14
1,10.58,1:25.83,4,10.59,1:26.14,2,10.52,1:25.89,3,10.54,1:26.04,2012-2013,"2013 ISU World Junior Championships, Warsaw (POL)",1000m,w,Preliminaries,14
2,12.25,1:38.08,4,19.07,1:45.21,1,10.71,1:36.60,3,18.62,1:44.66,2012-2013,"2013 ISU World Junior Championships, Warsaw (POL)",1000m,w,Preliminaries,14
2,11.32,1:49.40,4,23.36,2:08.57,1,10.46,1:47.06,3,23.62,2:08.28,2012-2013,"2013 ISU World Junior Championships, Warsaw (POL)",1000m,w,Preliminaries,14
0,,PEN,2,15.69,2:24.257,1,10.64,1:57.700,3,16.32,2:24.599,2012-2013,"2013 ISU World Junior Championships, Warsaw (POL)",1000m,w,Preliminaries,14
