START_POS_1 POSITION,START_POS_1 LAP TIME,START_POS_1 ELAPSED TIME,START_POS_2 POSITION,START_POS_2 LAP TIME,START_POS_2 ELAPSED TIME,START_POS_3 POSITION,START_POS_3 LAP TIME,START_POS_3 ELAPSED TIME,START_POS_4 POSITION,START_POS_4 LAP TIME,START_POS_4 ELAPSED TIME,season,competition,event,gender,round,race
2,13.47,13.47,3,13.62,13.62,1,13.33,13.33,4,13.72,13.72,2012-2013,"ISU World Cup 2012/2013, Shanghai (CHN)",1000m(1),m,FinalB,1
2,10.64,24.11,3,10.64,24.26,1,10.75,24.08,4,10.69,24.41,2012-2013,"ISU World Cup 2012/2013, Shanghai (CHN)",1000m(1),m,FinalB,1
2,9.61,33.72,3,9.63,33.89,1,9.63,33.71,4,9.58,33.99,2012-2013,"ISU World Cup 2012/2013, Shanghai (CHN)",1000m(1),m,FinalB,1
2,9.74,43.46,3,9.64,43.53,1,9.65,43.36,4,9.63,43.62,2012-2013,"ISU World Cup 2012/2013, Shanghai (CHN)",1000m(1),m,FinalB,1
2,9.52,52.98,3,9.54,53.07,1,9.53,52.89,4,9.48,53.10,2012-2013,"ISU World Cup 2012/2013, Shanghai (CHN)",1000m(1),m,FinalB,1
2,9.13,1:02.11,4,9.26,1:02.33,3,9.25,1:02.14,1,8.83,1:01.93,2012-2013,"ISU World Cup 2012/2013, Shanghai (CHN)",1000m(1),m,FinalB,1
2,8.67,1:10.78,4,8.76,1:11.09,3,8.86,1:11.00,1,8.71,1:10.64,2012-2013,"ISU World Cup 2012/2013, Shanghai (CHN)",1000m(1),m,FinalB,1
2,8.71,1:19.49,4,8.70,1:19.79,3,8.69,1:19.69,1,8.79,1:19.43,2012-2013,"ISU World Cup 2012/2013, Shanghai (CHN)",1000m(1),m,FinalB,1
2,8.94,1:28.423,4,8.76,1:28.549,3,8.84,1:28.525,1,8.90,1:28.326,2012-2013,"ISU World Cup 2012/2013, Shanghai (CHN)",1000m(1),m,FinalB,1
