START_POS_1 POSITION,START_POS_1 LAP TIME,START_POS_1 ELAPSED TIME,START_POS_2 POSITION,START_POS_2 LAP TIME,START_POS_2 ELAPSED TIME,START_POS_3 POSITION,START_POS_3 LAP TIME,START_POS_3 ELAPSED TIME,START_POS_4 POSITION,START_POS_4 LAP TIME,START_POS_4 ELAPSED TIME,season,competition,event,gender,round,race
3,12.77,12.77,4,12.87,12.87,2,12.68,12.68,1,12.57,12.57,2012-2013,"2013 ISU World Junior Championships, Warsaw (POL)",1000m,m,Semifinals,2
2,9.33,22.10,4,9.36,22.23,1,9.35,22.03,3,9.58,22.15,2012-2013,"2013 ISU World Junior Championships, Warsaw (POL)",1000m,m,Semifinals,2
2,9.25,31.35,1,9.11,31.34,3,9.35,31.38,4,9.35,31.50,2012-2013,"2013 ISU World Junior Championships, Warsaw (POL)",1000m,m,Semifinals,2
2,8.94,40.29,1,8.80,40.14,4,9.16,40.54,3,8.87,40.37,2012-2013,"2013 ISU World Junior Championships, Warsaw (POL)",1000m,m,Semifinals,2
1,8.98,49.27,2,9.14,49.28,4,9.02,49.56,3,9.06,49.43,2012-2013,"2013 ISU World Junior Championships, Warsaw (POL)",1000m,m,Semifinals,2
1,9.21,58.48,3,9.33,58.61,4,9.12,58.68,2,9.08,58.51,2012-2013,"2013 ISU World Junior Championships, Warsaw (POL)",1000m,m,Semifinals,2
2,9.49,1:07.97,3,9.54,1:08.15,4,9.58,1:08.26,1,9.19,1:07.70,2012-2013,"2013 ISU World Junior Championships, Warsaw (POL)",1000m,m,Semifinals,2
2,9.64,1:17.61,3,9.58,1:17.73,4,9.83,1:18.09,1,9.62,1:17.32,2012-2013,"2013 ISU World Junior Championships, Warsaw (POL)",1000m,m,Semifinals,2
2,9.58,1:27.184,3,9.57,1:27.296,4,10.91,1:28.999,1,9.80,1:27.120,2012-2013,"2013 ISU World Junior Championships, Warsaw (POL)",1000m,m,Semifinals,2
