START_POS_1 POSITION,START_POS_1 LAP TIME,START_POS_1 ELAPSED TIME,START_POS_2 POSITION,START_POS_2 LAP TIME,START_POS_2 ELAPSED TIME,START_POS_3 POSITION,START_POS_3 LAP TIME,START_POS_3 ELAPSED TIME,START_POS_4 POSITION,START_POS_4 LAP TIME,START_POS_4 ELAPSED TIME,season,competition,event,gender,round,race
3,14.26,14.26,2,14.00,14.00,4,14.43,14.43,1,13.77,13.77,2012-2013,"2013 ISU World Championships, Debrecen (HUN)",1000m,m,Preliminaries,11
3,9.72,23.98,2,9.85,23.85,4,9.74,24.17,1,9.95,23.72,2012-2013,"2013 ISU World Championships, Debrecen (HUN)",1000m,m,Preliminaries,11
3,9.77,33.75,2,9.74,33.59,4,9.69,33.86,1,9.75,33.47,2012-2013,"2013 ISU World Championships, Debrecen (HUN)",1000m,m,Preliminaries,11
3,9.63,43.38,2,9.66,43.25,4,9.64,43.50,1,9.76,43.23,2012-2013,"2013 ISU World Championships, Debrecen (HUN)",1000m,m,Preliminaries,11
3,9.51,52.89,2,9.47,52.72,1,9.19,52.69,4,10.00,53.23,2012-2013,"2013 ISU World Championships, Debrecen (HUN)",1000m,m,Preliminaries,11
3,9.25,1:02.14,2,9.29,1:02.01,1,9.20,1:01.89,4,9.85,1:03.08,2012-2013,"2013 ISU World Championships, Debrecen (HUN)",1000m,m,Preliminaries,11
3,9.16,1:11.30,2,9.16,1:11.17,1,9.19,1:11.08,4,10.01,1:13.09,2012-2013,"2013 ISU World Championships, Debrecen (HUN)",1000m,m,Preliminaries,11
3,9.23,1:20.53,2,9.26,1:20.43,1,9.15,1:20.23,4,10.44,1:23.53,2012-2013,"2013 ISU World Championships, Debrecen (HUN)",1000m,m,Preliminaries,11
3,9.64,1:30.162,2,9.59,1:30.020,1,9.44,1:29.666,4,11.01,1:34.531,2012-2013,"2013 ISU World Championships, Debrecen (HUN)",1000m,m,Preliminaries,11
