START_POS_1 POSITION,START_POS_1 LAP TIME,START_POS_1 ELAPSED TIME,START_POS_2 POSITION,START_POS_2 LAP TIME,START_POS_2 ELAPSED TIME,START_POS_3 POSITION,START_POS_3 LAP TIME,START_POS_3 ELAPSED TIME,START_POS_4 POSITION,START_POS_4 LAP TIME,START_POS_4 ELAPSED TIME,season,competition,event,gender,round,race
1,12.38,12.38,4,13.16,13.16,3,12.75,12.75,2,12.52,12.52,2013-2014,"ISU World Cup 2013/2014, Shanghai (CHN)",1000m,m,Pre-Preliminaries,14
1,9.39,21.77,4,9.16,22.32,3,9.24,21.99,2,9.33,21.85,2013-2014,"ISU World Cup 2013/2014, Shanghai (CHN)",1000m,m,Pre-Preliminaries,14
1,9.45,31.22,4,9.32,31.64,3,9.45,31.44,2,9.44,31.29,2013-2014,"ISU World Cup 2013/2014, Shanghai (CHN)",1000m,m,Pre-Preliminaries,14
1,9.48,40.70,4,9.37,41.01,3,9.45,40.89,2,9.47,40.76,2013-2014,"ISU World Cup 2013/2014, Shanghai (CHN)",1000m,m,Pre-Preliminaries,14
2,9.50,50.20,4,9.42,50.43,3,9.41,50.30,1,9.39,50.15,2013-2014,"ISU World Cup 2013/2014, Shanghai (CHN)",1000m,m,Pre-Preliminaries,14
4,9.62,59.82,3,9.16,59.59,2,9.15,59.45,1,9.16,59.31,2013-2014,"ISU World Cup 2013/2014, Shanghai (CHN)",1000m,m,Pre-Preliminaries,14
4,9.79,1:09.61,3,9.16,1:08.75,2,9.19,1:08.64,1,9.19,1:08.50,2013-2014,"ISU World Cup 2013/2014, Shanghai (CHN)",1000m,m,Pre-Preliminaries,14
4,10.21,1:19.82,3,9.20,1:17.95,2,9.15,1:17.79,1,9.20,1:17.70,2013-2014,"ISU World Cup 2013/2014, Shanghai (CHN)",1000m,m,Pre-Preliminaries,14
4,10.88,1:30.694,3,9.58,1:27.529,2,9.45,1:27.232,1,9.48,1:27.171,2013-2014,"ISU World Cup 2013/2014, Shanghai (CHN)",1000m,m,Pre-Preliminaries,14
