START_POS_1 POSITION,START_POS_1 LAP TIME,START_POS_1 ELAPSED TIME,START_POS_2 POSITION,START_POS_2 LAP TIME,START_POS_2 ELAPSED TIME,START_POS_3 POSITION,START_POS_3 LAP TIME,START_POS_3 ELAPSED TIME,START_POS_4 POSITION,START_POS_4 LAP TIME,START_POS_4 ELAPSED TIME,season,competition,event,gender,round,race
2,14.20,14.20,3,14.33,14.33,1,14.05,14.05,4,14.50,14.50,2013-2014,"ISU World Cup 2013/2014, Torino (ITA)",1000m,w,FinalB,1
2,11.04,25.24,3,11.04,25.37,1,11.09,25.14,4,11.02,25.52,2013-2014,"ISU World Cup 2013/2014, Torino (ITA)",1000m,w,FinalB,1
2,10.93,36.17,3,10.92,36.29,1,10.93,36.07,4,10.90,36.42,2013-2014,"ISU World Cup 2013/2014, Torino (ITA)",1000m,w,FinalB,1
2,10.89,47.06,3,10.89,47.18,1,10.87,46.94,4,10.90,47.32,2013-2014,"ISU World Cup 2013/2014, Torino (ITA)",1000m,w,FinalB,1
2,10.66,57.72,3,10.69,57.87,1,10.69,57.63,4,10.68,58.00,2013-2014,"ISU World Cup 2013/2014, Torino (ITA)",1000m,w,FinalB,1
2,10.46,1:08.18,3,10.45,1:08.32,1,10.45,1:08.08,4,10.45,1:08.45,2013-2014,"ISU World Cup 2013/2014, Torino (ITA)",1000m,w,FinalB,1
1,9.51,1:17.69,3,9.66,1:17.98,2,9.84,1:17.92,4,9.72,1:18.17,2013-2014,"ISU World Cup 2013/2014, Torino (ITA)",1000m,w,FinalB,1
1,9.02,1:26.71,3,9.15,1:27.13,2,9.12,1:27.04,4,9.08,1:27.25,2013-2014,"ISU World Cup 2013/2014, Torino (ITA)",1000m,w,FinalB,1
1,9.18,1:35.888,3,9.11,1:36.240,2,9.07,1:36.102,4,9.16,1:36.407,2013-2014,"ISU World Cup 2013/2014, Torino (ITA)",1000m,w,FinalB,1
