START_POS_1 POSITION,START_POS_1 LAP TIME,START_POS_1 ELAPSED TIME,START_POS_2 POSITION,START_POS_2 LAP TIME,START_POS_2 ELAPSED TIME,START_POS_3 POSITION,START_POS_3 LAP TIME,START_POS_3 ELAPSED TIME,START_POS_4 POSITION,START_POS_4 LAP TIME,START_POS_4 ELAPSED TIME,START_POS_5 POSITION,START_POS_5 LAP TIME,START_POS_5 ELAPSED TIME,season,competition,event,gender,round,race
2,15.82,15.82,3,15.84,15.84,5,15.98,15.98,4,15.85,15.85,1,15.79,15.79,2013-2014,"ISU World Cup 2013/2014, Torino (ITA)",1000m,w,Preliminaries,5
1,11.59,27.41,3,11.69,27.53,2,11.52,27.50,4,11.86,27.71,5,12.08,27.87,2013-2014,"ISU World Cup 2013/2014, Torino (ITA)",1000m,w,Preliminaries,5
1,10.97,38.38,3,11.05,38.58,2,10.95,38.45,4,10.95,38.66,5,10.91,38.78,2013-2014,"ISU World Cup 2013/2014, Torino (ITA)",1000m,w,Preliminaries,5
1,10.71,49.09,2,10.55,49.13,3,10.71,49.16,4,13.51,52.17,5,20.37,59.15,2013-2014,"ISU World Cup 2013/2014, Torino (ITA)",1000m,w,Preliminaries,5
1,10.27,59.36,2,10.31,59.44,3,10.38,59.54,4,11.68,1:03.85,5,13.89,1:13.04,2013-2014,"ISU World Cup 2013/2014, Torino (ITA)",1000m,w,Preliminaries,5
1,9.98,1:09.34,3,10.13,1:09.57,2,9.92,1:09.46,4,11.11,1:14.96,5,11.86,1:24.90,2013-2014,"ISU World Cup 2013/2014, Torino (ITA)",1000m,w,Preliminaries,5
1,9.69,1:19.03,3,9.69,1:19.26,2,9.70,1:19.16,4,11.31,1:26.27,5,11.73,1:36.63,2013-2014,"ISU World Cup 2013/2014, Torino (ITA)",1000m,w,Preliminaries,5
1,9.61,1:28.64,3,9.60,1:28.86,2,9.54,1:28.70,4,12.61,1:38.88,5,11.68,1:48.31,2013-2014,"ISU World Cup 2013/2014, Torino (ITA)",1000m,w,Preliminaries,5
1,9.67,1:38.308,3,9.66,1:38.520,2,9.70,1:38.394,4,12.12,1:50.999,5,11.94,2:00.246,2013-2014,"ISU World Cup 2013/2014, Torino (ITA)",1000m,w,Preliminaries,5
