START_POS_1 POSITION,START_POS_1 LAP TIME,START_POS_1 ELAPSED TIME,START_POS_2 POSITION,START_POS_2 LAP TIME,START_POS_2 ELAPSED TIME,START_POS_3 POSITION,START_POS_3 LAP TIME,START_POS_3 ELAPSED TIME,START_POS_4 POSITION,START_POS_4 LAP TIME,START_POS_4 ELAPSED TIME,START_POS_5 POSITION,START_POS_5 LAP TIME,START_POS_5 ELAPSED TIME,season,competition,event,gender,round,race
5,13.73,13.73,3,13.52,13.52,2,13.40,13.40,1,13.27,13.27,4,13.63,13.63,2013-2014,ISU World Short Track Speed Skating Championships 2014,1000m,m,Heats,2
5,10.18,23.91,3,10.09,23.61,2,10.12,23.52,1,10.13,23.40,4,10.05,23.68,2013-2014,ISU World Short Track Speed Skating Championships 2014,1000m,m,Heats,2
5,9.64,33.55,3,9.32,32.93,4,9.41,32.93,1,9.44,32.84,2,9.18,32.86,2013-2014,ISU World Short Track Speed Skating Championships 2014,1000m,m,Heats,2
5,9.74,43.29,2,8.97,41.90,4,9.16,42.09,3,9.09,41.93,1,8.95,41.81,2013-2014,ISU World Short Track Speed Skating Championships 2014,1000m,m,Heats,2
5,9.87,53.16,3,9.45,51.35,2,9.17,51.26,4,9.54,51.47,1,9.35,51.16,2013-2014,ISU World Short Track Speed Skating Championships 2014,1000m,m,Heats,2
5,10.08,1:03.24,3,9.27,1:00.62,1,9.23,1:00.49,4,9.30,1:00.77,2,9.36,1:00.52,2013-2014,ISU World Short Track Speed Skating Championships 2014,1000m,m,Heats,2
5,10.48,1:13.72,2,8.97,1:09.59,1,8.98,1:09.47,4,9.10,1:09.87,3,9.34,1:09.86,2013-2014,ISU World Short Track Speed Skating Championships 2014,1000m,m,Heats,2
5,10.75,1:24.47,2,8.97,1:18.56,1,8.99,1:18.46,3,9.26,1:19.13,4,9.53,1:19.39,2013-2014,ISU World Short Track Speed Skating Championships 2014,1000m,m,Heats,2
5,10.98,1:35.442,2,9.07,1:27.623,1,9.08,1:27.531,3,9.48,1:28.601,4,9.58,1:28.970,2013-2014,ISU World Short Track Speed Skating Championships 2014,1000m,m,Heats,2
