START_POS_1 POSITION,START_POS_1 LAP TIME,START_POS_1 ELAPSED TIME,START_POS_2 POSITION,START_POS_2 LAP TIME,START_POS_2 ELAPSED TIME,START_POS_3 POSITION,START_POS_3 LAP TIME,START_POS_3 ELAPSED TIME,START_POS_4 POSITION,START_POS_4 LAP TIME,START_POS_4 ELAPSED TIME,START_POS_5 POSITION,START_POS_5 LAP TIME,START_POS_5 ELAPSED TIME,season,competition,event,gender,round,race
2,15.73,15.73,5,16.19,16.19,4,16.04,16.04,1,15.32,15.32,3,15.87,15.87,2014-2015,ISU World Cup 2014/15 - Seoul (KOR),1000m,m,RepQuarterfinals,4
5,11.81,27.54,4,11.19,27.38,2,11.18,27.22,1,11.81,27.13,3,11.36,27.23,2014-2015,ISU World Cup 2014/15 - Seoul (KOR),1000m,m,RepQuarterfinals,4
5,9.97,37.51,4,10.05,37.43,2,9.99,37.21,1,9.93,37.06,3,10.07,37.30,2014-2015,ISU World Cup 2014/15 - Seoul (KOR),1000m,m,RepQuarterfinals,4
5,10.25,47.76,4,10.24,47.67,2,10.23,47.44,1,10.24,47.30,3,10.25,47.55,2014-2015,ISU World Cup 2014/15 - Seoul (KOR),1000m,m,RepQuarterfinals,4
3,9.89,57.65,5,10.16,57.83,2,10.14,57.58,1,10.20,57.50,4,10.15,57.70,2014-2015,ISU World Cup 2014/15 - Seoul (KOR),1000m,m,RepQuarterfinals,4
3,9.53,1:07.18,4,9.50,1:07.33,1,9.36,1:06.94,5,10.05,1:07.55,2,9.32,1:07.02,2014-2015,ISU World Cup 2014/15 - Seoul (KOR),1000m,m,RepQuarterfinals,4
2,9.08,1:16.26,4,9.10,1:16.43,1,9.30,1:16.24,5,9.71,1:17.26,3,9.30,1:16.32,2014-2015,ISU World Cup 2014/15 - Seoul (KOR),1000m,m,RepQuarterfinals,4
1,8.83,1:25.09,3,9.23,1:25.66,2,9.36,1:25.60,5,9.79,1:27.05,4,9.36,1:25.68,2014-2015,ISU World Cup 2014/15 - Seoul (KOR),1000m,m,RepQuarterfinals,4
1,9.17,1:34.255,4,9.70,1:35.355,2,9.45,1:35.045,5,10.18,1:37.230,3,9.47,1:35.147,2014-2015,ISU World Cup 2014/15 - Seoul (KOR),1000m,m,RepQuarterfinals,4
