START_POS_1 POSITION,START_POS_1 LAP TIME,START_POS_1 ELAPSED TIME,START_POS_2 POSITION,START_POS_2 LAP TIME,START_POS_2 ELAPSED TIME,START_POS_3 POSITION,START_POS_3 LAP TIME,START_POS_3 ELAPSED TIME,START_POS_4 POSITION,START_POS_4 LAP TIME,START_POS_4 ELAPSED TIME,START_POS_5 POSITION,START_POS_5 LAP TIME,START_POS_5 ELAPSED TIME,season,competition,event,gender,round,race
4,15.13,15.13,2,14.85,14.85,1,14.77,14.77,3,15.03,15.03,5,15.28,15.28,2014-2015,ISU World Cup 2014/15 - Montreal (CAN),1000m,m,Preliminaries,6
5,11.51,26.64,2,11.51,26.36,1,11.47,26.24,3,11.46,26.49,4,11.26,26.54,2014-2015,ISU World Cup 2014/15 - Montreal (CAN),1000m,m,Preliminaries,6
5,9.98,36.62,2,9.82,36.18,1,9.93,36.17,4,9.97,36.46,3,9.77,36.31,2014-2015,ISU World Cup 2014/15 - Montreal (CAN),1000m,m,Preliminaries,6
5,9.26,45.88,2,9.34,45.52,1,9.32,45.49,4,9.33,45.79,3,9.37,45.68,2014-2015,ISU World Cup 2014/15 - Montreal (CAN),1000m,m,Preliminaries,6
5,9.43,55.31,2,9.40,54.92,1,9.41,54.90,4,9.40,55.19,3,9.35,55.03,2014-2015,ISU World Cup 2014/15 - Montreal (CAN),1000m,m,Preliminaries,6
5,9.09,1:04.40,2,9.04,1:03.96,1,9.03,1:03.93,4,9.08,1:04.27,3,9.07,1:04.10,2014-2015,ISU World Cup 2014/15 - Montreal (CAN),1000m,m,Preliminaries,6
5,8.96,1:13.36,2,8.75,1:12.71,1,8.76,1:12.69,4,8.91,1:13.18,3,8.98,1:13.08,2014-2015,ISU World Cup 2014/15 - Montreal (CAN),1000m,m,Preliminaries,6
5,8.94,1:22.30,1,8.56,1:21.27,2,8.77,1:21.46,4,8.98,1:22.16,3,8.94,1:22.02,2014-2015,ISU World Cup 2014/15 - Montreal (CAN),1000m,m,Preliminaries,6
5,9.12,1:31.411,1,9.07,1:30.338,2,8.96,1:30.419,4,9.24,1:31.397,3,9.27,1:31.290,2014-2015,ISU World Cup 2014/15 - Montreal (CAN),1000m,m,Preliminaries,6
