START_POS_1 POSITION,START_POS_1 LAP TIME,START_POS_1 ELAPSED TIME,START_POS_2 POSITION,START_POS_2 LAP TIME,START_POS_2 ELAPSED TIME,START_POS_3 POSITION,START_POS_3 LAP TIME,START_POS_3 ELAPSED TIME,START_POS_4 POSITION,START_POS_4 LAP TIME,START_POS_4 ELAPSED TIME,season,competition,event,gender,round,race
2,13.58,13.58,1,13.49,13.49,4,13.68,13.68,3,13.61,13.61,2014-2015,"ISU World Cup 2014/15 - Salt Lake City, UT (USA)",1000m(2),m,Heats,3
2,9.43,23.01,3,9.61,23.10,1,9.13,22.81,4,9.59,23.20,2014-2015,"ISU World Cup 2014/15 - Salt Lake City, UT (USA)",1000m(2),m,Heats,3
1,8.91,31.92,3,8.97,32.07,2,9.15,31.96,4,9.01,32.21,2014-2015,"ISU World Cup 2014/15 - Salt Lake City, UT (USA)",1000m(2),m,Heats,3
1,8.88,40.80,3,8.94,41.01,2,9.00,40.96,4,8.96,41.17,2014-2015,"ISU World Cup 2014/15 - Salt Lake City, UT (USA)",1000m(2),m,Heats,3
1,8.74,49.54,3,8.84,49.85,2,8.75,49.71,4,8.77,49.94,2014-2015,"ISU World Cup 2014/15 - Salt Lake City, UT (USA)",1000m(2),m,Heats,3
1,8.74,58.28,4,9.10,58.95,3,9.08,58.79,2,8.72,58.66,2014-2015,"ISU World Cup 2014/15 - Salt Lake City, UT (USA)",1000m(2),m,Heats,3
1,8.83,1:07.11,4,13.01,1:11.96,3,9.42,1:08.21,2,9.03,1:07.69,2014-2015,"ISU World Cup 2014/15 - Salt Lake City, UT (USA)",1000m(2),m,Heats,3
1,9.00,1:16.11,4,15.16,1:27.12,3,9.85,1:18.06,2,9.26,1:16.95,2014-2015,"ISU World Cup 2014/15 - Salt Lake City, UT (USA)",1000m(2),m,Heats,3
1,9.61,1:25.717,0,,PEN,3,10.68,1:28.731,2,9.77,1:26.719,2014-2015,"ISU World Cup 2014/15 - Salt Lake City, UT (USA)",1000m(2),m,Heats,3
