START_POS_1 POSITION,START_POS_1 LAP TIME,START_POS_1 ELAPSED TIME,START_POS_2 POSITION,START_POS_2 LAP TIME,START_POS_2 ELAPSED TIME,START_POS_3 POSITION,START_POS_3 LAP TIME,START_POS_3 ELAPSED TIME,START_POS_4 POSITION,START_POS_4 LAP TIME,START_POS_4 ELAPSED TIME,season,competition,event,gender,round,race
2,14.08,14.08,1,14.05,14.05,3,14.15,14.15,4,14.34,14.34,2014-2015,ISU World Cup 2014/15 - Dresden (GER),1000m,w,Heats,2
2,11.05,25.13,1,10.96,25.01,3,11.10,25.25,4,11.02,25.36,2014-2015,ISU World Cup 2014/15 - Dresden (GER),1000m,w,Heats,2
2,10.98,36.11,1,10.93,35.94,3,10.94,36.19,4,10.98,36.34,2014-2015,ISU World Cup 2014/15 - Dresden (GER),1000m,w,Heats,2
1,10.26,46.37,2,10.51,46.45,3,10.38,46.57,4,10.35,46.69,2014-2015,ISU World Cup 2014/15 - Dresden (GER),1000m,w,Heats,2
1,10.64,57.01,3,10.66,57.11,2,10.54,57.11,4,10.62,57.31,2014-2015,ISU World Cup 2014/15 - Dresden (GER),1000m,w,Heats,2
1,10.33,1:07.34,3,10.41,1:07.52,2,10.36,1:07.47,4,10.36,1:07.67,2014-2015,ISU World Cup 2014/15 - Dresden (GER),1000m,w,Heats,2
1,9.83,1:17.17,4,9.98,1:17.50,2,9.84,1:17.31,3,9.75,1:17.42,2014-2015,ISU World Cup 2014/15 - Dresden (GER),1000m,w,Heats,2
1,9.55,1:26.72,4,9.99,1:27.49,2,9.55,1:26.86,3,9.54,1:26.96,2014-2015,ISU World Cup 2014/15 - Dresden (GER),1000m,w,Heats,2
1,9.55,1:36.262,4,11.48,1:38.970,2,9.54,1:36.392,3,9.57,1:36.529,2014-2015,ISU World Cup 2014/15 - Dresden (GER),1000m,w,Heats,2
