START_POS_1 POSITION,START_POS_1 LAP TIME,START_POS_1 ELAPSED TIME,START_POS_2 POSITION,START_POS_2 LAP TIME,START_POS_2 ELAPSED TIME,START_POS_3 POSITION,START_POS_3 LAP TIME,START_POS_3 ELAPSED TIME,START_POS_4 POSITION,START_POS_4 LAP TIME,START_POS_4 ELAPSED TIME,season,competition,event,gender,round,race
2,13.77,13.77,3,13.89,13.89,1,13.64,13.64,4,14.06,14.06,2014-2015,ISU World Cup 2014/15 - Shanghai (CHN),1000m,m,Heats,1
1,10.52,24.29,3,10.55,24.44,2,10.66,24.30,4,10.61,24.67,2014-2015,ISU World Cup 2014/15 - Shanghai (CHN),1000m,m,Heats,1
1,9.53,33.82,2,9.48,33.92,3,9.70,34.00,4,9.50,34.17,2014-2015,ISU World Cup 2014/15 - Shanghai (CHN),1000m,m,Heats,1
1,9.29,43.11,2,9.30,43.22,3,9.29,43.29,4,9.26,43.43,2014-2015,ISU World Cup 2014/15 - Shanghai (CHN),1000m,m,Heats,1
1,9.15,52.26,2,9.13,52.35,3,9.15,52.44,4,9.15,52.58,2014-2015,ISU World Cup 2014/15 - Shanghai (CHN),1000m,m,Heats,1
1,8.95,1:01.21,3,9.12,1:01.47,2,8.96,1:01.40,4,9.04,1:01.62,2014-2015,ISU World Cup 2014/15 - Shanghai (CHN),1000m,m,Heats,1
1,8.87,1:10.08,4,9.14,1:10.61,2,9.00,1:10.40,3,8.89,1:10.51,2014-2015,ISU World Cup 2014/15 - Shanghai (CHN),1000m,m,Heats,1
1,9.14,1:19.22,4,9.00,1:19.61,2,8.99,1:19.39,3,9.00,1:19.51,2014-2015,ISU World Cup 2014/15 - Shanghai (CHN),1000m,m,Heats,1
1,9.18,1:28.391,2,9.49,1:29.099,3,23.65,1:43.037,0,,PEN,2014-2015,ISU World Cup 2014/15 - Shanghai (CHN),1000m,m,Heats,1
