START_POS_1 POSITION,START_POS_1 LAP TIME,START_POS_1 ELAPSED TIME,START_POS_2 POSITION,START_POS_2 LAP TIME,START_POS_2 ELAPSED TIME,START_POS_3 POSITION,START_POS_3 LAP TIME,START_POS_3 ELAPSED TIME,START_POS_4 POSITION,START_POS_4 LAP TIME,START_POS_4 ELAPSED TIME,season,competition,event,gender,round,race
1,15.16,15.16,3,15.34,15.34,2,15.30,15.30,4,15.55,15.55,2014-2015,ISU World Cup 2014/15 - Seoul (KOR),1000m,m,Preliminaries,7
2,11.10,26.26,4,11.13,26.47,3,11.07,26.37,1,10.52,26.07,2014-2015,ISU World Cup 2014/15 - Seoul (KOR),1000m,m,Preliminaries,7
2,10.29,36.55,4,10.28,36.75,3,10.23,36.60,1,10.40,36.47,2014-2015,ISU World Cup 2014/15 - Seoul (KOR),1000m,m,Preliminaries,7
1,9.68,46.23,4,9.82,46.57,3,9.88,46.48,2,9.90,46.37,2014-2015,ISU World Cup 2014/15 - Seoul (KOR),1000m,m,Preliminaries,7
1,9.68,55.91,4,9.77,56.34,3,9.72,56.20,2,9.67,56.04,2014-2015,ISU World Cup 2014/15 - Seoul (KOR),1000m,m,Preliminaries,7
1,9.40,1:05.31,4,9.59,1:05.93,3,9.62,1:05.82,2,9.37,1:05.41,2014-2015,ISU World Cup 2014/15 - Seoul (KOR),1000m,m,Preliminaries,7
1,9.32,1:14.63,4,9.70,1:15.63,3,9.73,1:15.55,2,9.24,1:14.65,2014-2015,ISU World Cup 2014/15 - Seoul (KOR),1000m,m,Preliminaries,7
2,9.09,1:23.72,4,9.94,1:25.57,3,9.89,1:25.44,1,8.85,1:23.50,2014-2015,ISU World Cup 2014/15 - Seoul (KOR),1000m,m,Preliminaries,7
2,9.13,1:32.846,0,,PEN,3,10.47,1:35.909,1,9.25,1:32.748,2014-2015,ISU World Cup 2014/15 - Seoul (KOR),1000m,m,Preliminaries,7
