START_POS_1 POSITION,START_POS_1 LAP TIME,START_POS_1 ELAPSED TIME,START_POS_2 POSITION,START_POS_2 LAP TIME,START_POS_2 ELAPSED TIME,START_POS_3 POSITION,START_POS_3 LAP TIME,START_POS_3 ELAPSED TIME,START_POS_4 POSITION,START_POS_4 LAP TIME,START_POS_4 ELAPSED TIME,START_POS_5 POSITION,START_POS_5 LAP TIME,START_POS_5 ELAPSED TIME,season,competition,event,gender,round,race
2,13.23,13.23,3,13.34,13.34,5,13.64,,4,13.49,13.49,1,13.04,13.04,2015-2016,ISU World Cup 2015/16 - Nagoya (JPN),1000m,m,Preliminaries,2
2,9.95,23.18,3,9.97,23.31,4,9.76,,5,9.95,23.44,1,10.01,23.05,2015-2016,ISU World Cup 2015/16 - Nagoya (JPN),1000m,m,Preliminaries,2
3,9.73,32.91,2,9.50,32.81,4,9.58,,5,9.75,33.19,1,9.67,32.72,2015-2016,ISU World Cup 2015/16 - Nagoya (JPN),1000m,m,Preliminaries,2
3,9.67,42.58,2,9.69,42.50,4,9.70,,5,9.61,42.80,1,9.68,42.40,2015-2016,ISU World Cup 2015/16 - Nagoya (JPN),1000m,m,Preliminaries,2
3,9.60,52.18,2,9.57,52.07,4,9.60,,5,9.60,52.40,1,9.64,52.04,2015-2016,ISU World Cup 2015/16 - Nagoya (JPN),1000m,m,Preliminaries,2
2,9.19,1:01.37,1,8.89,1:00.96,4,9.25,,5,9.34,1:01.74,3,9.48,1:01.52,2015-2016,ISU World Cup 2015/16 - Nagoya (JPN),1000m,m,Preliminaries,2
2,9.14,1:10.51,1,8.79,1:09.75,3,9.47,,4,9.32,1:11.06,5,10.07,1:11.59,2015-2016,ISU World Cup 2015/16 - Nagoya (JPN),1000m,m,Preliminaries,2
2,9.30,1:19.81,1,9.02,1:18.77,3,9.33,,4,9.39,1:20.45,5,10.03,1:21.62,2015-2016,ISU World Cup 2015/16 - Nagoya (JPN),1000m,m,Preliminaries,2
2,9.55,1:29.36,1,9.51,1:28.28,4,9.87,,3,9.51,1:29.96,5,10.55,1:32.17,2015-2016,ISU World Cup 2015/16 - Nagoya (JPN),1000m,m,Preliminaries,2
