START_POS_1 POSITION,START_POS_1 LAP TIME,START_POS_1 ELAPSED TIME,START_POS_2 POSITION,START_POS_2 LAP TIME,START_POS_2 ELAPSED TIME,START_POS_3 POSITION,START_POS_3 LAP TIME,START_POS_3 ELAPSED TIME,START_POS_4 POSITION,START_POS_4 LAP TIME,START_POS_4 ELAPSED TIME,season,competition,event,gender,round,race
3,13.23,13.23,2,13.13,13.13,1,12.87,,4,13.49,13.49,2015-2016,ISU World Cup 2015/16 - Montreal (CAN),1000m(2),w,Quarterfinals,4
3,9.99,23.22,2,9.99,23.12,1,10.07,,4,9.91,23.40,2015-2016,ISU World Cup 2015/16 - Montreal (CAN),1000m(2),w,Quarterfinals,4
3,9.67,32.89,2,9.68,32.80,1,9.82,,4,9.73,33.13,2015-2016,ISU World Cup 2015/16 - Montreal (CAN),1000m(2),w,Quarterfinals,4
2,9.39,42.28,3,9.57,42.37,1,9.36,,4,9.39,42.52,2015-2016,ISU World Cup 2015/16 - Montreal (CAN),1000m(2),w,Quarterfinals,4
2,9.46,51.74,3,9.46,51.83,1,9.55,,4,9.42,51.94,2015-2016,ISU World Cup 2015/16 - Montreal (CAN),1000m(2),w,Quarterfinals,4
1,9.51,1:01.25,3,9.51,1:01.34,2,9.64,,4,9.55,1:01.49,2015-2016,ISU World Cup 2015/16 - Montreal (CAN),1000m(2),w,Quarterfinals,4
2,9.80,1:11.05,1,9.51,1:10.85,3,9.82,,4,9.79,1:11.28,2015-2016,ISU World Cup 2015/16 - Montreal (CAN),1000m(2),w,Quarterfinals,4
2,10.05,1:21.10,1,9.56,1:20.41,2,9.97,,4,10.00,1:21.28,2015-2016,ISU World Cup 2015/16 - Montreal (CAN),1000m(2),w,Quarterfinals,4
3,36.99,1:58.09,1,10.20,1:30.61,4,42.18,,2,10.40,1:31.68,2015-2016,ISU World Cup 2015/16 - Montreal (CAN),1000m(2),w,Quarterfinals,4
