START_POS_1 POSITION,START_POS_1 LAP TIME,START_POS_1 ELAPSED TIME,START_POS_2 POSITION,START_POS_2 LAP TIME,START_POS_2 ELAPSED TIME,START_POS_3 POSITION,START_POS_3 LAP TIME,START_POS_3 ELAPSED TIME,START_POS_4 POSITION,START_POS_4 LAP TIME,START_POS_4 ELAPSED TIME,START_POS_5 POSITION,START_POS_5 LAP TIME,START_POS_5 ELAPSED TIME,season,competition,event,gender,round,race
5,14.63,,3,14.32,14.32,2,14.27,,1,14.19,14.19,4,14.33,14.33,2015-2016,ISU World Cup 2015/16 - Dresden (GER),1000m,w,Heats,5
5,10.60,,4,10.73,25.05,3,10.70,,1,10.62,24.81,2,10.52,24.85,2015-2016,ISU World Cup 2015/16 - Dresden (GER),1000m,w,Heats,5
5,10.33,,4,10.34,35.39,3,10.35,,1,10.32,35.13,2,10.38,35.23,2015-2016,ISU World Cup 2015/16 - Dresden (GER),1000m,w,Heats,5
5,10.62,,4,10.62,46.01,3,10.58,,1,10.58,45.71,2,10.59,45.82,2015-2016,ISU World Cup 2015/16 - Dresden (GER),1000m,w,Heats,5
5,10.04,,4,10.01,56.02,3,10.05,,1,10.07,55.78,2,10.05,55.87,2015-2016,ISU World Cup 2015/16 - Dresden (GER),1000m,w,Heats,5
5,9.74,,4,9.81,1:05.83,3,9.80,,1,9.83,1:05.61,2,9.82,1:05.69,2015-2016,ISU World Cup 2015/16 - Dresden (GER),1000m,w,Heats,5
5,9.79,,4,9.80,1:15.63,2,9.76,,1,9.74,1:15.35,3,9.88,1:15.57,2015-2016,ISU World Cup 2015/16 - Dresden (GER),1000m,w,Heats,5
5,10.06,1:25.81,4,10.01,1:25.64,2,9.86,,1,9.91,1:25.26,3,9.94,1:25.51,2015-2016,ISU World Cup 2015/16 - Dresden (GER),1000m,w,Heats,5
,,,4,10.06,1:35.70,2,10.21,,1,10.25,1:35.51,3,10.15,1:35.66,2015-2016,ISU World Cup 2015/16 - Dresden (GER),1000m,w,Heats,5
