START_POS_1 POSITION,START_POS_1 LAP TIME,START_POS_1 ELAPSED TIME,START_POS_2 POSITION,START_POS_2 LAP TIME,START_POS_2 ELAPSED TIME,START_POS_3 POSITION,START_POS_3 LAP TIME,START_POS_3 ELAPSED TIME,START_POS_4 POSITION,START_POS_4 LAP TIME,START_POS_4 ELAPSED TIME,START_POS_5 POSITION,START_POS_5 LAP TIME,START_POS_5 ELAPSED TIME,season,competition,event,gender,round,race
3,12.81,12.81,1,12.72,,2,12.80,12.80,4,12.95,12.95,5,13.06,13.06,2015-2016,ISU World Cup 2015/16 - Montreal (CAN),1000m(1),m,Quarterfinals,2
2,9.63,22.44,1,9.58,,3,9.75,22.55,4,9.65,22.60,5,9.60,22.66,2015-2016,ISU World Cup 2015/16 - Montreal (CAN),1000m(1),m,Quarterfinals,2
2,9.40,31.84,1,9.46,,3,9.37,31.92,4,9.39,31.99,5,9.35,32.01,2015-2016,ISU World Cup 2015/16 - Montreal (CAN),1000m(1),m,Quarterfinals,2
3,9.23,41.07,1,9.24,,2,9.12,41.04,5,9.35,41.34,4,9.23,41.24,2015-2016,ISU World Cup 2015/16 - Montreal (CAN),1000m(1),m,Quarterfinals,2
2,9.09,50.16,2,9.16,,1,9.04,50.08,5,8.99,50.33,4,9.07,50.31,2015-2016,ISU World Cup 2015/16 - Montreal (CAN),1000m(1),m,Quarterfinals,2
5,11.55,1:01.71,4,10.61,,1,9.04,59.12,2,8.84,59.17,3,9.39,59.70,2015-2016,ISU World Cup 2015/16 - Montreal (CAN),1000m(1),m,Quarterfinals,2
4,10.50,1:12.21,5,11.85,,1,9.10,1:08.22,2,9.09,1:08.26,3,9.18,1:08.88,2015-2016,ISU World Cup 2015/16 - Montreal (CAN),1000m(1),m,Quarterfinals,2
4,10.95,1:23.16,5,11.34,,1,9.31,1:17.53,2,9.42,1:17.68,3,9.40,1:18.28,2015-2016,ISU World Cup 2015/16 - Montreal (CAN),1000m(1),m,Quarterfinals,2
5,10.92,1:34.08,4,9.70,,1,9.49,1:27.02,2,9.40,1:27.08,3,9.78,1:28.069,2015-2016,ISU World Cup 2015/16 - Montreal (CAN),1000m(1),m,Quarterfinals,2
