START_POS_1 POSITION,START_POS_1 LAP TIME,START_POS_1 ELAPSED TIME,START_POS_2 POSITION,START_POS_2 LAP TIME,START_POS_2 ELAPSED TIME,START_POS_3 POSITION,START_POS_3 LAP TIME,START_POS_3 ELAPSED TIME,START_POS_4 POSITION,START_POS_4 LAP TIME,START_POS_4 ELAPSED TIME,START_POS_5 POSITION,START_POS_5 LAP TIME,START_POS_5 ELAPSED TIME,season,competition,event,gender,round,race
2,14.14,14.14,3,14.17,14.17,1,14.06,,4,14.26,14.26,5,14.34,,2015-2016,ISU World Cup 2015/16 - Dordrecht (NED),1000m(2),w,Quarterfinals,3
1,10.70,24.84,3,10.80,24.97,2,10.80,,5,10.98,25.24,4,10.79,,2015-2016,ISU World Cup 2015/16 - Dordrecht (NED),1000m(2),w,Quarterfinals,3
1,10.13,34.97,2,10.11,35.08,4,10.32,,5,10.05,35.29,3,10.02,,2015-2016,ISU World Cup 2015/16 - Dordrecht (NED),1000m(2),w,Quarterfinals,3
1,10.18,45.15,2,10.20,45.28,4,10.28,,5,10.29,45.58,3,10.21,,2015-2016,ISU World Cup 2015/16 - Dordrecht (NED),1000m(2),w,Quarterfinals,3
1,10.02,55.17,2,10.01,55.29,4,10.03,,5,10.01,55.59,3,10.02,,2015-2016,ISU World Cup 2015/16 - Dordrecht (NED),1000m(2),w,Quarterfinals,3
1,10.05,1:05.22,2,10.01,1:05.30,4,10.03,,5,10.00,1:05.59,3,9.93,,2015-2016,ISU World Cup 2015/16 - Dordrecht (NED),1000m(2),w,Quarterfinals,3
1,9.83,1:15.05,3,9.93,1:15.23,4,9.89,,5,9.90,1:15.49,2,9.83,,2015-2016,ISU World Cup 2015/16 - Dordrecht (NED),1000m(2),w,Quarterfinals,3
1,10.01,1:25.06,2,9.98,1:25.21,4,9.87,,5,9.94,1:25.43,2,10.07,1:25.21,2015-2016,ISU World Cup 2015/16 - Dordrecht (NED),1000m(2),w,Quarterfinals,3
1,10.25,1:35.31,3,19.39,1:44.589,3,11.88,,2,10.16,1:35.59,,,,2015-2016,ISU World Cup 2015/16 - Dordrecht (NED),1000m(2),w,Quarterfinals,3
