START_POS_1 POSITION,START_POS_1 LAP TIME,START_POS_1 ELAPSED TIME,START_POS_2 POSITION,START_POS_2 LAP TIME,START_POS_2 ELAPSED TIME,START_POS_3 POSITION,START_POS_3 LAP TIME,START_POS_3 ELAPSED TIME,START_POS_4 POSITION,START_POS_4 LAP TIME,START_POS_4 ELAPSED TIME,START_POS_5 POSITION,START_POS_5 LAP TIME,START_POS_5 ELAPSED TIME,season,competition,event,gender,round,race
4,13.89,13.89,2,13.70,13.70,3,13.79,13.79,5,14.00,14.00,1,13.61,13.61,2015-2016,ISU World Cup 2015/16 - Dresden (GER),1000m,m,Preliminaries,11
4,10.72,24.61,2,10.66,24.36,3,10.66,24.45,5,10.76,24.76,1,10.68,24.29,2015-2016,ISU World Cup 2015/16 - Dresden (GER),1000m,m,Preliminaries,11
5,10.19,34.80,2,10.05,34.41,3,10.04,34.49,4,9.82,34.58,1,10.08,34.37,2015-2016,ISU World Cup 2015/16 - Dresden (GER),1000m,m,Preliminaries,11
5,9.37,44.17,1,9.38,43.79,4,9.56,44.05,2,9.36,43.94,2,9.57,43.94,2015-2016,ISU World Cup 2015/16 - Dresden (GER),1000m,m,Preliminaries,11
5,9.34,53.51,1,9.15,52.94,4,9.44,53.49,2,9.14,53.08,3,9.22,53.16,2015-2016,ISU World Cup 2015/16 - Dresden (GER),1000m,m,Preliminaries,11
5,9.53,1:03.04,1,9.11,1:02.05,4,9.38,1:02.87,2,9.05,1:02.13,3,9.09,1:02.25,2015-2016,ISU World Cup 2015/16 - Dresden (GER),1000m,m,Preliminaries,11
5,9.30,1:12.34,1,9.02,1:11.07,4,9.27,1:12.14,2,8.97,1:11.10,3,9.03,1:11.28,2015-2016,ISU World Cup 2015/16 - Dresden (GER),1000m,m,Preliminaries,11
5,9.37,1:21.71,2,9.13,1:20.20,4,9.41,1:21.55,1,8.94,1:20.04,3,9.01,1:20.29,2015-2016,ISU World Cup 2015/16 - Dresden (GER),1000m,m,Preliminaries,11
5,11.07,1:32.78,3,9.44,1:29.64,4,9.60,1:31.15,1,9.28,1:29.32,2,9.11,1:29.40,2015-2016,ISU World Cup 2015/16 - Dresden (GER),1000m,m,Preliminaries,11
