START_POS_1 POSITION,START_POS_1 LAP TIME,START_POS_1 ELAPSED TIME,START_POS_2 POSITION,START_POS_2 LAP TIME,START_POS_2 ELAPSED TIME,START_POS_3 POSITION,START_POS_3 LAP TIME,START_POS_3 ELAPSED TIME,START_POS_4 POSITION,START_POS_4 LAP TIME,START_POS_4 ELAPSED TIME,season,competition,event,gender,round,race
4,13.90,13.90,2,13.54,13.54,3,13.68,,1,13.42,13.42,2015-2016,ISU Shanghai Trophy 2016,1000m,w,Quarterfinals,3
4,10.88,24.78,2,10.99,24.53,3,10.98,,1,10.96,24.38,2015-2016,ISU Shanghai Trophy 2016,1000m,w,Quarterfinals,3
4,11.36,36.14,2,11.38,35.91,3,11.39,,1,11.39,35.77,2015-2016,ISU Shanghai Trophy 2016,1000m,w,Quarterfinals,3
4,11.39,47.53,2,11.35,47.26,3,11.32,,1,11.45,47.22,2015-2016,ISU Shanghai Trophy 2016,1000m,w,Quarterfinals,3
4,9.76,57.29,1,9.64,56.90,2,9.63,,3,9.96,57.18,2015-2016,ISU Shanghai Trophy 2016,1000m,w,Quarterfinals,3
3,9.47,1:06.76,1,9.66,1:06.56,2,9.65,,4,9.68,1:06.86,2015-2016,ISU Shanghai Trophy 2016,1000m,w,Quarterfinals,3
3,9.68,1:16.44,1,9.71,1:16.27,2,9.71,,4,9.73,1:16.59,2015-2016,ISU Shanghai Trophy 2016,1000m,w,Quarterfinals,3
3,9.55,1:25.99,1,9.64,1:25.91,2,9.60,,4,9.59,1:26.18,2015-2016,ISU Shanghai Trophy 2016,1000m,w,Quarterfinals,3
1,9.50,1:35.49,0,,PHOTO,,,,3,,1:35.637,2015-2016,ISU Shanghai Trophy 2016,1000m,w,Quarterfinals,3
