START_POS_1 POSITION,START_POS_1 LAP TIME,START_POS_1 ELAPSED TIME,START_POS_2 POSITION,START_POS_2 LAP TIME,START_POS_2 ELAPSED TIME,START_POS_3 POSITION,START_POS_3 LAP TIME,START_POS_3 ELAPSED TIME,START_POS_4 POSITION,START_POS_4 LAP TIME,START_POS_4 ELAPSED TIME,season,competition,event,gender,round,race
3,14.55,14.55,1,14.50,14.50,2,14.54,14.54,4,14.81,14.81,2015-2016,ISU European Short Track Speed Skating Championships® 2016,1000m,w,Semifinals,2
3,10.94,25.49,2,10.71,25.21,1,10.66,25.20,4,10.83,25.64,2015-2016,ISU European Short Track Speed Skating Championships® 2016,1000m,w,Semifinals,2
3,9.88,35.37,2,10.02,35.23,1,9.94,35.14,4,9.86,35.50,2015-2016,ISU European Short Track Speed Skating Championships® 2016,1000m,w,Semifinals,2
3,9.90,45.27,2,9.93,45.16,1,9.91,45.05,4,9.90,45.40,2015-2016,ISU European Short Track Speed Skating Championships® 2016,1000m,w,Semifinals,2
3,9.73,55.00,2,9.71,54.87,1,9.75,54.80,4,9.73,55.13,2015-2016,ISU European Short Track Speed Skating Championships® 2016,1000m,w,Semifinals,2
3,9.40,1:04.40,2,9.46,1:04.33,1,9.44,1:04.24,4,9.41,1:04.54,2015-2016,ISU European Short Track Speed Skating Championships® 2016,1000m,w,Semifinals,2
3,9.39,1:13.79,2,9.44,1:13.77,1,9.43,1:13.67,4,9.30,1:13.84,2015-2016,ISU European Short Track Speed Skating Championships® 2016,1000m,w,Semifinals,2
3,9.70,1:23.49,4,9.73,1:23.50,1,9.51,1:23.18,2,9.46,1:23.30,2015-2016,ISU European Short Track Speed Skating Championships® 2016,1000m,w,Semifinals,2
3,9.58,1:33.07,4,9.66,1:33.16,1,9.60,1:32.78,2,9.65,1:32.95,2015-2016,ISU European Short Track Speed Skating Championships® 2016,1000m,w,Semifinals,2
