START_POS_1 POSITION,START_POS_1 LAP TIME,START_POS_1 ELAPSED TIME,START_POS_2 POSITION,START_POS_2 LAP TIME,START_POS_2 ELAPSED TIME,START_POS_3 POSITION,START_POS_3 LAP TIME,START_POS_3 ELAPSED TIME,START_POS_4 POSITION,START_POS_4 LAP TIME,START_POS_4 ELAPSED TIME,season,competition,event,gender,round,race
2,13.57,13.57,1,13.48,13.48,4,13.80,13.80,3,13.65,13.65,2015-2016,ISU World Short Track Speed Skating Championships® 2016,1000m,m,Preliminaries,3
2,9.99,23.56,1,9.90,23.38,4,9.97,23.77,3,10.05,23.70,2015-2016,ISU World Short Track Speed Skating Championships® 2016,1000m,m,Preliminaries,3
2,9.58,33.14,1,9.58,32.96,4,9.56,33.33,3,9.53,33.23,2015-2016,ISU World Short Track Speed Skating Championships® 2016,1000m,m,Preliminaries,3
2,9.49,42.63,1,9.57,42.53,4,9.55,42.88,3,9.52,42.75,2015-2016,ISU World Short Track Speed Skating Championships® 2016,1000m,m,Preliminaries,3
1,9.23,51.86,4,9.74,52.27,3,9.36,52.24,2,9.20,51.95,2015-2016,ISU World Short Track Speed Skating Championships® 2016,1000m,m,Preliminaries,3
1,9.07,1:00.93,4,9.72,1:01.99,3,8.97,1:01.21,2,9.08,1:01.03,2015-2016,ISU World Short Track Speed Skating Championships® 2016,1000m,m,Preliminaries,3
1,8.94,1:09.87,4,9.81,1:11.80,3,8.83,1:10.04,2,8.94,1:09.97,2015-2016,ISU World Short Track Speed Skating Championships® 2016,1000m,m,Preliminaries,3
1,8.98,1:18.85,4,9.95,1:21.75,2,8.93,1:18.97,3,9.53,1:19.50,2015-2016,ISU World Short Track Speed Skating Championships® 2016,1000m,m,Preliminaries,3
1,9.21,1:28.06,4,10.21,1:31.96,2,9.28,1:28.25,3,9.60,1:29.10,2015-2016,ISU World Short Track Speed Skating Championships® 2016,1000m,m,Preliminaries,3
