START_POS_1 POSITION,START_POS_1 LAP TIME,START_POS_1 ELAPSED TIME,START_POS_2 POSITION,START_POS_2 LAP TIME,START_POS_2 ELAPSED TIME,START_POS_3 POSITION,START_POS_3 LAP TIME,START_POS_3 ELAPSED TIME,START_POS_4 POSITION,START_POS_4 LAP TIME,START_POS_4 ELAPSED TIME,START_POS_5 POSITION,START_POS_5 LAP TIME,START_POS_5 ELAPSED TIME,START_POS_6 POSITION,START_POS_6 LAP TIME,START_POS_6 ELAPSED TIME,season,competition,event,gender,round,race
1,13.34,13.34,3,13.57,13.57,4,13.65,13.65,5,13.67,13.67,2,13.43,13.43,6,13.86,13.86,2016-2017,ISU World Cup 2016/17 - Dresden (GER),1000m,m,Rep.Heats,3
1,10.22,23.56,3,10.28,23.85,4,10.32,23.97,5,10.45,24.12,2,10.25,23.68,6,10.40,24.26,2016-2017,ISU World Cup 2016/17 - Dresden (GER),1000m,m,Rep.Heats,3
1,9.98,33.54,3,9.93,33.78,4,9.90,33.87,5,9.88,34.00,2,9.96,33.64,6,9.87,34.13,2016-2017,ISU World Cup 2016/17 - Dresden (GER),1000m,m,Rep.Heats,3
1,9.91,43.45,3,9.88,43.66,4,9.86,43.73,5,9.86,43.86,2,9.91,43.55,6,9.84,43.97,2016-2017,ISU World Cup 2016/17 - Dresden (GER),1000m,m,Rep.Heats,3
1,9.80,53.25,3,9.88,53.54,4,9.92,53.65,5,9.91,53.77,2,9.86,53.41,6,9.92,53.89,2016-2017,ISU World Cup 2016/17 - Dresden (GER),1000m,m,Rep.Heats,3
1,9.55,1:02.80,2,9.40,1:02.94,4,9.48,1:03.13,5,9.53,1:03.30,3,9.63,1:03.04,6,9.59,1:03.48,2016-2017,ISU World Cup 2016/17 - Dresden (GER),1000m,m,Rep.Heats,3
1,9.29,1:12.09,2,9.25,1:12.19,4,9.48,1:12.61,5,9.45,1:12.75,3,9.48,1:12.52,6,9.47,1:12.95,2016-2017,ISU World Cup 2016/17 - Dresden (GER),1000m,m,Rep.Heats,3
1,9.21,1:21.30,2,9.12,1:21.31,4,9.45,1:22.06,5,9.41,1:22.16,3,9.44,1:21.96,6,9.84,1:22.79,2016-2017,ISU World Cup 2016/17 - Dresden (GER),1000m,m,Rep.Heats,3
2,9.26,1:30.56,1,9.08,1:30.39,3,9.54,1:31.573,5,9.73,1:31.863,4,9.77,1:31.711,6,10.58,1:33.348,2016-2017,ISU World Cup 2016/17 - Dresden (GER),1000m,m,Rep.Heats,3
