START_POS_1 POSITION,START_POS_1 LAP TIME,START_POS_1 ELAPSED TIME,START_POS_2 POSITION,START_POS_2 LAP TIME,START_POS_2 ELAPSED TIME,START_POS_3 POSITION,START_POS_3 LAP TIME,START_POS_3 ELAPSED TIME,START_POS_4 POSITION,START_POS_4 LAP TIME,START_POS_4 ELAPSED TIME,season,competition,event,gender,round,race
2,13.70,13.70,4,13.90,13.90,1,13.58,13.58,3,13.71,13.71,2016-2017,ISU World Cup 2016/17 - Minsk (BLR),1000m(1),w,Heats,3
2,10.04,23.74,4,10.04,23.94,1,9.99,23.57,3,10.15,23.86,2016-2017,ISU World Cup 2016/17 - Minsk (BLR),1000m(1),w,Heats,3
2,10.05,33.79,3,9.93,33.87,1,10.11,33.68,4,10.05,33.91,2016-2017,ISU World Cup 2016/17 - Minsk (BLR),1000m(1),w,Heats,3
2,9.78,43.57,3,9.87,43.74,1,9.74,43.42,4,9.95,43.86,2016-2017,ISU World Cup 2016/17 - Minsk (BLR),1000m(1),w,Heats,3
2,9.65,53.22,3,9.59,53.33,1,9.62,53.04,4,9.58,53.44,2016-2017,ISU World Cup 2016/17 - Minsk (BLR),1000m(1),w,Heats,3
2,9.73,1:02.95,3,9.72,1:03.05,1,9.75,1:02.79,4,9.69,1:03.13,2016-2017,ISU World Cup 2016/17 - Minsk (BLR),1000m(1),w,Heats,3
1,9.73,1:12.68,3,9.80,1:12.85,1,9.89,1:12.68,4,9.99,1:13.12,2016-2017,ISU World Cup 2016/17 - Minsk (BLR),1000m(1),w,Heats,3
1,9.54,1:22.22,3,9.93,1:22.78,2,10.08,1:22.76,4,10.24,1:23.36,2016-2017,ISU World Cup 2016/17 - Minsk (BLR),1000m(1),w,Heats,3
1,9.95,1:32.17,3,10.68,1:33.46,2,10.47,1:33.23,4,10.75,1:34.11,2016-2017,ISU World Cup 2016/17 - Minsk (BLR),1000m(1),w,Heats,3
