START_POS_1 POSITION,START_POS_1 LAP TIME,START_POS_1 ELAPSED TIME,START_POS_2 POSITION,START_POS_2 LAP TIME,START_POS_2 ELAPSED TIME,START_POS_3 POSITION,START_POS_3 LAP TIME,START_POS_3 ELAPSED TIME,START_POS_4 POSITION,START_POS_4 LAP TIME,START_POS_4 ELAPSED TIME,season,competition,event,gender,round,race
1,13.87,13.87,2,13.98,13.98,4,14.17,,3,14.07,14.07,2016-2017,ISU World Cup 2016/17 - Minsk (BLR),1000m(1),w,Heats,7
1,11.19,25.06,2,11.18,25.16,3,11.03,,4,11.17,25.24,2016-2017,ISU World Cup 2016/17 - Minsk (BLR),1000m(1),w,Heats,7
2,10.81,35.87,4,10.93,36.09,3,10.88,,1,10.58,35.82,2016-2017,ISU World Cup 2016/17 - Minsk (BLR),1000m(1),w,Heats,7
2,10.15,46.02,3,10.06,46.15,4,10.21,,1,10.18,46.00,2016-2017,ISU World Cup 2016/17 - Minsk (BLR),1000m(1),w,Heats,7
1,10.00,56.02,3,10.06,56.21,4,10.01,,2,10.10,56.10,2016-2017,ISU World Cup 2016/17 - Minsk (BLR),1000m(1),w,Heats,7
1,10.08,1:06.10,2,9.96,1:06.17,4,10.04,,3,10.11,1:06.21,2016-2017,ISU World Cup 2016/17 - Minsk (BLR),1000m(1),w,Heats,7
1,9.83,1:15.93,2,9.85,1:16.02,4,9.89,,3,9.89,1:16.10,2016-2017,ISU World Cup 2016/17 - Minsk (BLR),1000m(1),w,Heats,7
1,10.05,1:25.98,2,10.04,1:26.06,4,10.05,,3,10.03,1:26.13,2016-2017,ISU World Cup 2016/17 - Minsk (BLR),1000m(1),w,Heats,7
1,10.05,1:36.03,2,10.00,1:36.06,4,10.16,,3,10.06,1:36.19,2016-2017,ISU World Cup 2016/17 - Minsk (BLR),1000m(1),w,Heats,7
