START_POS_1 POSITION,START_POS_1 LAP TIME,START_POS_1 ELAPSED TIME,START_POS_2 POSITION,START_POS_2 LAP TIME,START_POS_2 ELAPSED TIME,START_POS_3 POSITION,START_POS_3 LAP TIME,START_POS_3 ELAPSED TIME,START_POS_4 POSITION,START_POS_4 LAP TIME,START_POS_4 ELAPSED TIME,START_POS_5 POSITION,START_POS_5 LAP TIME,START_POS_5 ELAPSED TIME,season,competition,event,gender,round,race
2,12.73,12.73,5,12.98,12.98,4,12.85,,1,12.63,12.63,3,12.75,12.75,2016-2017,ISU World Cup 2016/17 - Calgary (CAN),1000m,m,Heats,5
3,9.52,22.25,4,9.32,22.30,5,9.61,,2,9.51,22.14,1,9.18,21.93,2016-2017,ISU World Cup 2016/17 - Calgary (CAN),1000m,m,Heats,5
3,9.04,31.29,4,9.22,31.52,5,9.18,,1,8.96,31.10,2,9.27,31.20,2016-2017,ISU World Cup 2016/17 - Calgary (CAN),1000m,m,Heats,5
3,9.20,40.49,4,9.06,40.58,5,30.36,,1,9.16,40.26,2,9.13,40.33,2016-2017,ISU World Cup 2016/17 - Calgary (CAN),1000m,m,Heats,5
3,9.01,49.50,4,9.24,49.82,5,16.03,,1,9.04,49.30,2,9.05,49.38,2016-2017,ISU World Cup 2016/17 - Calgary (CAN),1000m,m,Heats,5
3,8.90,58.40,4,9.01,58.83,5,12.10,,1,8.89,58.19,2,8.91,58.29,2016-2017,ISU World Cup 2016/17 - Calgary (CAN),1000m,m,Heats,5
3,8.85,1:07.25,4,9.22,1:08.05,5,13.96,1:44.09,1,8.81,1:07.00,2,8.82,1:07.11,2016-2017,ISU World Cup 2016/17 - Calgary (CAN),1000m,m,Heats,5
3,8.97,1:16.22,4,9.64,1:17.69,,,,1,8.95,1:15.95,2,8.94,1:16.05,2016-2017,ISU World Cup 2016/17 - Calgary (CAN),1000m,m,Heats,5
3,9.29,1:25.51,4,10.42,1:28.11,,,,1,9.15,1:25.10,2,9.37,1:25.42,2016-2017,ISU World Cup 2016/17 - Calgary (CAN),1000m,m,Heats,5
