START_POS_1 POSITION,START_POS_1 LAP TIME,START_POS_1 ELAPSED TIME,START_POS_2 POSITION,START_POS_2 LAP TIME,START_POS_2 ELAPSED TIME,START_POS_3 POSITION,START_POS_3 LAP TIME,START_POS_3 ELAPSED TIME,START_POS_4 POSITION,START_POS_4 LAP TIME,START_POS_4 ELAPSED TIME,season,competition,event,gender,round,race
3,14.25,14.25,1,14.08,14.08,1,14.08,14.08,4,14.36,14.36,2016-2017,ISU World Cup 2016/17 - Minsk (BLR),1000m(1),w,Heats,2
4,10.94,25.19,1,10.76,24.84,2,10.92,25.00,3,10.77,25.13,2016-2017,ISU World Cup 2016/17 - Minsk (BLR),1000m(1),w,Heats,2
4,10.60,35.79,1,10.53,35.37,2,10.50,35.50,3,10.50,35.63,2016-2017,ISU World Cup 2016/17 - Minsk (BLR),1000m(1),w,Heats,2
4,10.13,45.92,1,10.15,45.52,2,10.13,45.63,3,10.11,45.74,2016-2017,ISU World Cup 2016/17 - Minsk (BLR),1000m(1),w,Heats,2
4,9.83,55.75,1,9.82,55.34,2,9.81,55.44,3,9.93,55.67,2016-2017,ISU World Cup 2016/17 - Minsk (BLR),1000m(1),w,Heats,2
3,9.78,1:05.53,1,9.76,1:05.10,2,9.76,1:05.20,4,10.21,1:05.88,2016-2017,ISU World Cup 2016/17 - Minsk (BLR),1000m(1),w,Heats,2
3,9.93,1:15.46,1,9.76,1:14.86,2,9.75,1:14.95,4,10.87,1:16.75,2016-2017,ISU World Cup 2016/17 - Minsk (BLR),1000m(1),w,Heats,2
3,10.28,1:25.74,1,9.93,1:24.79,2,9.93,1:24.88,4,11.33,1:28.08,2016-2017,ISU World Cup 2016/17 - Minsk (BLR),1000m(1),w,Heats,2
3,10.39,1:36.118,2,10.11,1:34.90,1,9.79,1:34.67,4,11.75,1:39.805,2016-2017,ISU World Cup 2016/17 - Minsk (BLR),1000m(1),w,Heats,2
