START_POS_1 POSITION,START_POS_1 LAP TIME,START_POS_1 ELAPSED TIME,START_POS_2 POSITION,START_POS_2 LAP TIME,START_POS_2 ELAPSED TIME,START_POS_3 POSITION,START_POS_3 LAP TIME,START_POS_3 ELAPSED TIME,START_POS_4 POSITION,START_POS_4 LAP TIME,START_POS_4 ELAPSED TIME,START_POS_5 POSITION,START_POS_5 LAP TIME,START_POS_5 ELAPSED TIME,season,competition,event,gender,round,race
1,14.03,14.03,5,14.27,14.27,2,14.09,14.09,3,14.13,14.13,4,14.19,14.19,2016-2017,ISU World Cup 2016/17 - Dresden (GER),1000m,w,Heats,9
3,10.64,24.67,5,10.57,24.84,2,10.48,24.57,4,10.62,24.75,1,10.26,24.45,2016-2017,ISU World Cup 2016/17 - Dresden (GER),1000m,w,Heats,9
3,10.65,35.32,5,10.69,35.53,2,10.67,35.24,4,10.65,35.40,1,10.68,35.13,2016-2017,ISU World Cup 2016/17 - Dresden (GER),1000m,w,Heats,9
3,10.80,46.12,5,10.80,46.33,2,10.78,46.02,4,10.81,46.21,1,10.75,45.88,2016-2017,ISU World Cup 2016/17 - Dresden (GER),1000m,w,Heats,9
3,10.62,56.74,5,10.64,56.97,2,10.60,56.62,4,10.62,56.83,1,10.67,56.55,2016-2017,ISU World Cup 2016/17 - Dresden (GER),1000m,w,Heats,9
2,9.51,1:06.25,5,9.75,1:06.72,1,9.45,1:06.07,3,9.46,1:06.29,4,9.84,1:06.39,2016-2017,ISU World Cup 2016/17 - Dresden (GER),1000m,w,Heats,9
2,9.26,1:15.51,5,9.71,1:16.43,1,9.27,1:15.34,3,9.30,1:15.59,4,9.42,1:15.81,2016-2017,ISU World Cup 2016/17 - Dresden (GER),1000m,w,Heats,9
2,9.55,1:25.06,5,9.93,1:26.36,1,9.52,1:24.86,3,9.56,1:25.15,4,9.49,1:25.30,2016-2017,ISU World Cup 2016/17 - Dresden (GER),1000m,w,Heats,9
2,9.62,1:34.68,5,10.15,1:36.51,1,9.73,1:34.59,3,9.63,1:34.78,4,9.98,1:35.28,2016-2017,ISU World Cup 2016/17 - Dresden (GER),1000m,w,Heats,9
