START_POS_1 POSITION,START_POS_1 LAP TIME,START_POS_1 ELAPSED TIME,START_POS_2 POSITION,START_POS_2 LAP TIME,START_POS_2 ELAPSED TIME,START_POS_3 POSITION,START_POS_3 LAP TIME,START_POS_3 ELAPSED TIME,START_POS_4 POSITION,START_POS_4 LAP TIME,START_POS_4 ELAPSED TIME,START_POS_5 POSITION,START_POS_5 LAP TIME,START_POS_5 ELAPSED TIME,START_POS_6 POSITION,START_POS_6 LAP TIME,START_POS_6 ELAPSED TIME,season,competition,event,gender,round,race
4,12.31,12.31,3,12.20,12.20,2,12.05,12.05,1,11.99,11.99,5,12.48,12.48,6,12.51,12.51,2016-2017,"ISU World Cup 2016/17 - Salt Lake City, UT (USA)",1000m,m,Semifinals,2
5,8.94,21.25,4,8.97,21.17,2,9.00,21.05,1,8.97,20.96,6,8.96,21.44,3,8.65,21.16,2016-2017,"ISU World Cup 2016/17 - Salt Lake City, UT (USA)",1000m,m,Semifinals,2
4,8.73,29.98,3,8.74,29.91,4,8.93,29.98,1,8.70,29.66,6,8.70,30.14,2,8.60,29.76,2016-2017,"ISU World Cup 2016/17 - Salt Lake City, UT (USA)",1000m,m,Semifinals,2
4,8.76,38.74,3,8.73,38.64,4,8.76,38.74,1,8.78,38.44,6,8.78,38.92,2,8.80,38.56,2016-2017,"ISU World Cup 2016/17 - Salt Lake City, UT (USA)",1000m,m,Semifinals,2
4,8.83,47.57,3,8.79,47.43,6,9.01,47.75,1,8.84,47.28,5,8.77,47.69,2,8.81,47.37,2016-2017,"ISU World Cup 2016/17 - Salt Lake City, UT (USA)",1000m,m,Semifinals,2
4,8.90,56.47,3,8.96,56.39,6,8.89,56.64,1,8.80,56.08,5,8.87,56.56,2,8.90,56.27,2016-2017,"ISU World Cup 2016/17 - Salt Lake City, UT (USA)",1000m,m,Semifinals,2
4,8.90,1:05.37,3,8.87,1:05.26,6,8.96,1:05.60,1,8.90,1:04.98,5,8.91,1:05.47,2,8.87,1:05.14,2016-2017,"ISU World Cup 2016/17 - Salt Lake City, UT (USA)",1000m,m,Semifinals,2
4,8.92,1:14.29,3,8.84,1:14.10,6,8.91,1:14.51,1,9.01,1:13.99,5,8.93,1:14.40,2,8.94,1:14.08,2016-2017,"ISU World Cup 2016/17 - Salt Lake City, UT (USA)",1000m,m,Semifinals,2
6,10.90,1:25.188,4,,1:23.650,3,,1:23.641,1,9.15,1:23.147,5,9.45,1:23.849,2,9.23,1:23.303,2016-2017,"ISU World Cup 2016/17 - Salt Lake City, UT (USA)",1000m,m,Semifinals,2
