START_POS_1 POSITION,START_POS_1 LAP TIME,START_POS_1 ELAPSED TIME,START_POS_2 POSITION,START_POS_2 LAP TIME,START_POS_2 ELAPSED TIME,START_POS_3 POSITION,START_POS_3 LAP TIME,START_POS_3 ELAPSED TIME,START_POS_4 POSITION,START_POS_4 LAP TIME,START_POS_4 ELAPSED TIME,season,competition,event,gender,round,race
1,13.07,13.07,4,13.37,13.37,3,13.35,13.35,2,13.22,13.22,2016-2017,"ISU World Cup 2016/17 - Salt Lake City, UT (USA)",1000m,m,Rep.Quarterfinals,3
1,9.87,22.94,4,9.92,23.29,3,9.79,23.14,2,9.78,23.00,2016-2017,"ISU World Cup 2016/17 - Salt Lake City, UT (USA)",1000m,m,Rep.Quarterfinals,3
1,9.40,32.34,4,9.42,32.71,3,9.44,32.58,2,9.49,32.49,2016-2017,"ISU World Cup 2016/17 - Salt Lake City, UT (USA)",1000m,m,Rep.Quarterfinals,3
1,8.93,41.27,4,9.01,41.72,3,8.97,41.55,2,8.95,41.44,2016-2017,"ISU World Cup 2016/17 - Salt Lake City, UT (USA)",1000m,m,Rep.Quarterfinals,3
1,8.73,50.00,4,8.65,50.37,3,8.70,50.25,2,8.67,50.11,2016-2017,"ISU World Cup 2016/17 - Salt Lake City, UT (USA)",1000m,m,Rep.Quarterfinals,3
1,8.67,58.67,4,8.65,59.02,3,8.62,58.87,2,8.58,58.69,2016-2017,"ISU World Cup 2016/17 - Salt Lake City, UT (USA)",1000m,m,Rep.Quarterfinals,3
1,8.74,1:07.41,3,8.64,1:07.66,2,8.65,1:07.52,4,9.02,1:07.71,2016-2017,"ISU World Cup 2016/17 - Salt Lake City, UT (USA)",1000m,m,Rep.Quarterfinals,3
1,8.88,1:16.29,3,8.87,1:16.53,2,8.90,1:16.42,4,9.07,1:16.78,2016-2017,"ISU World Cup 2016/17 - Salt Lake City, UT (USA)",1000m,m,Rep.Quarterfinals,3
1,9.20,1:25.49,3,9.21,1:25.748,2,9.17,1:25.59,4,9.41,1:26.182,2016-2017,"ISU World Cup 2016/17 - Salt Lake City, UT (USA)",1000m,m,Rep.Quarterfinals,3
