START_POS_1 POSITION,START_POS_1 LAP TIME,START_POS_1 ELAPSED TIME,START_POS_2 POSITION,START_POS_2 LAP TIME,START_POS_2 ELAPSED TIME,START_POS_3 POSITION,START_POS_3 LAP TIME,START_POS_3 ELAPSED TIME,START_POS_4 POSITION,START_POS_4 LAP TIME,START_POS_4 ELAPSED TIME,START_POS_5 POSITION,START_POS_5 LAP TIME,START_POS_5 ELAPSED TIME,START_POS_6 POSITION,START_POS_6 LAP TIME,START_POS_6 ELAPSED TIME,season,competition,event,gender,round,race
1,12.84,12.84,5,13.40,13.40,3,13.07,,2,12.95,,6,13.54,13.54,4,13.23,13.23,2016-2017,"ISU World Cup 2016/17 - Salt Lake City, UT (USA)",1000m,w,Rep.Heats,4
1,9.89,22.73,6,9.85,23.25,3,9.89,,2,9.90,,5,9.55,23.09,4,9.77,23.00,2016-2017,"ISU World Cup 2016/17 - Salt Lake City, UT (USA)",1000m,w,Rep.Heats,4
1,9.54,32.27,6,9.64,32.89,5,9.59,,3,9.57,,4,9.44,32.53,2,9.38,32.38,2016-2017,"ISU World Cup 2016/17 - Salt Lake City, UT (USA)",1000m,w,Rep.Heats,4
1,9.36,41.63,6,9.91,42.80,5,9.55,,3,9.44,,4,9.44,41.97,2,9.36,41.74,2016-2017,"ISU World Cup 2016/17 - Salt Lake City, UT (USA)",1000m,w,Rep.Heats,4
1,9.37,51.00,6,10.54,53.34,5,9.35,,3,9.35,,4,9.34,51.31,2,9.35,51.09,2016-2017,"ISU World Cup 2016/17 - Salt Lake City, UT (USA)",1000m,w,Rep.Heats,4
1,9.30,1:00.30,6,10.91,1:04.25,5,9.26,,4,9.41,,3,9.18,1:00.49,2,9.30,1:00.39,2016-2017,"ISU World Cup 2016/17 - Salt Lake City, UT (USA)",1000m,w,Rep.Heats,4
1,9.40,1:09.70,5,11.59,1:15.84,4,9.49,,6,40.96,,3,9.40,1:09.89,2,9.40,1:09.79,2016-2017,"ISU World Cup 2016/17 - Salt Lake City, UT (USA)",1000m,w,Rep.Heats,4
1,9.55,1:19.25,5,11.65,1:27.49,4,9.93,,,,,3,9.67,1:19.56,2,9.63,1:19.42,2016-2017,"ISU World Cup 2016/17 - Salt Lake City, UT (USA)",1000m,w,Rep.Heats,4
1,9.80,1:29.05,4,11.61,1:39.094,4,10.18,,,,,3,9.81,1:29.37,2,9.83,1:29.25,2016-2017,"ISU World Cup 2016/17 - Salt Lake City, UT (USA)",1000m,w,Rep.Heats,4
