START_POS_1 POSITION,START_POS_1 LAP TIME,START_POS_1 ELAPSED TIME,START_POS_2 POSITION,START_POS_2 LAP TIME,START_POS_2 ELAPSED TIME,START_POS_3 POSITION,START_POS_3 LAP TIME,START_POS_3 ELAPSED TIME,START_POS_4 POSITION,START_POS_4 LAP TIME,START_POS_4 ELAPSED TIME,season,competition,event,gender,round,race
1,12.33,12.33,3,12.63,12.63,2,12.49,12.49,4,12.76,12.76,2017-2018,Olympic Winter Games 2018,"1,000m",m,Heats,2
1,9.63,21.96,4,9.54,22.17,2,9.57,22.06,2,9.30,22.06,2017-2018,Olympic Winter Games 2018,"1,000m",m,Heats,2
2,9.03,30.99,4,9.01,31.18,3,9.02,31.08,1,8.78,30.84,2017-2018,Olympic Winter Games 2018,"1,000m",m,Heats,2
1,8.73,39.72,4,8.81,39.99,3,8.81,39.89,2,8.99,39.83,2017-2018,Olympic Winter Games 2018,"1,000m",m,Heats,2
4,9.08,48.80,3,8.79,48.78,2,8.82,48.71,1,8.76,48.59,2017-2018,Olympic Winter Games 2018,"1,000m",m,Heats,2
4,8.94,57.74,3,8.85,57.63,2,8.78,57.49,1,8.89,57.48,2017-2018,Olympic Winter Games 2018,"1,000m",m,Heats,2
3,8.67,1:06.41,4,8.90,1:06.53,2,8.83,1:06.32,1,8.74,1:06.22,2017-2018,Olympic Winter Games 2018,"1,000m",m,Heats,2
3,8.77,1:15.18,4,8.90,1:15.43,2,8.78,1:15.10,1,8.79,1:15.01,2017-2018,Olympic Winter Games 2018,"1,000m",m,Heats,2
0,8.87,1:24.05,4,8.99,1:24.42,0,8.93,1:24.03,1,8.96,1:23.97,2017-2018,Olympic Winter Games 2018,"1,000m",m,Heats,2
