START_POS_1 POSITION,START_POS_1 LAP TIME,START_POS_1 ELAPSED TIME,START_POS_2 POSITION,START_POS_2 LAP TIME,START_POS_2 ELAPSED TIME,START_POS_3 POSITION,START_POS_3 LAP TIME,START_POS_3 ELAPSED TIME,START_POS_4 POSITION,START_POS_4 LAP TIME,START_POS_4 ELAPSED TIME,START_POS_5 POSITION,START_POS_5 LAP TIME,START_POS_5 ELAPSED TIME,season,competition,event,gender,round,race
1,12.69,12.69,2,12.79,,3,12.94,,4,13.10,13.10,5,13.22,13.22,2017-2018,Audi ISU World Cup 2017/18 - Shanghai (CHN),1000m,m,Heats,3
1,9.58,22.27,2,9.55,,3,9.43,,4,9.39,22.49,5,9.40,22.62,2017-2018,Audi ISU World Cup 2017/18 - Shanghai (CHN),1000m,m,Heats,3
2,9.54,31.81,3,9.53,,1,9.27,,5,9.49,31.98,4,9.32,31.94,2017-2018,Audi ISU World Cup 2017/18 - Shanghai (CHN),1000m,m,Heats,3
4,9.03,40.84,3,8.84,,2,9.02,,5,8.99,40.97,1,8.60,40.54,2017-2018,Audi ISU World Cup 2017/18 - Shanghai (CHN),1000m,m,Heats,3
4,9.14,49.98,3,9.17,,2,9.11,,5,9.13,50.10,1,9.16,49.70,2017-2018,Audi ISU World Cup 2017/18 - Shanghai (CHN),1000m,m,Heats,3
1,9.22,59.20,5,35.34,,4,20.57,,2,9.20,59.30,3,20.54,1:10.24,2017-2018,Audi ISU World Cup 2017/18 - Shanghai (CHN),1000m,m,Heats,3
1,9.71,1:08.91,5,35.13,2:00.35,3,14.41,,2,9.71,1:09.01,4,16.05,1:26.29,2017-2018,Audi ISU World Cup 2017/18 - Shanghai (CHN),1000m,m,Heats,3
1,9.78,1:18.69,,,,3,11.02,,2,9.85,1:18.86,4,12.29,1:38.58,2017-2018,Audi ISU World Cup 2017/18 - Shanghai (CHN),1000m,m,Heats,3
1,9.49,1:28.18,,,,3,10.86,,2,9.47,1:28.33,4,12.11,1:50.69,2017-2018,Audi ISU World Cup 2017/18 - Shanghai (CHN),1000m,m,Heats,3
