START_POS_1 POSITION,START_POS_1 LAP TIME,START_POS_1 ELAPSED TIME,START_POS_2 POSITION,START_POS_2 LAP TIME,START_POS_2 ELAPSED TIME,START_POS_3 POSITION,START_POS_3 LAP TIME,START_POS_3 ELAPSED TIME,START_POS_4 POSITION,START_POS_4 LAP TIME,START_POS_4 ELAPSED TIME,START_POS_5 POSITION,START_POS_5 LAP TIME,START_POS_5 ELAPSED TIME,season,competition,event,gender,round,race
1,13.75,13.75,2,13.84,13.84,5,14.04,14.04,3,13.92,13.92,4,14.03,,2017-2018,ISU World Short Track Championships 2018 - Montreal (CAN),1000m,m,Preliminaries,2
2,10.57,24.32,1,10.37,24.21,5,10.61,24.65,3,10.53,24.45,4,10.52,,2017-2018,ISU World Short Track Championships 2018 - Montreal (CAN),1000m,m,Preliminaries,2
2,10.11,34.43,1,10.06,34.27,5,10.07,34.72,4,10.18,34.63,3,9.97,,2017-2018,ISU World Short Track Championships 2018 - Montreal (CAN),1000m,m,Preliminaries,2
2,9.69,44.12,1,9.74,44.01,5,9.78,44.50,4,9.73,44.36,3,9.70,,2017-2018,ISU World Short Track Championships 2018 - Montreal (CAN),1000m,m,Preliminaries,2
2,9.54,53.66,1,9.50,53.51,5,9.51,54.01,4,9.50,53.86,3,9.57,,2017-2018,ISU World Short Track Championships 2018 - Montreal (CAN),1000m,m,Preliminaries,2
2,9.31,1:02.97,1,9.31,1:02.82,5,9.31,1:03.32,4,9.29,1:03.15,3,9.28,,2017-2018,ISU World Short Track Championships 2018 - Montreal (CAN),1000m,m,Preliminaries,2
2,9.10,1:12.07,1,9.13,1:11.95,5,9.37,1:12.69,4,9.04,1:12.19,3,9.10,,2017-2018,ISU World Short Track Championships 2018 - Montreal (CAN),1000m,m,Preliminaries,2
2,9.00,1:21.07,1,8.84,1:20.79,5,9.55,1:22.24,4,9.61,1:21.80,3,9.09,,2017-2018,ISU World Short Track Championships 2018 - Montreal (CAN),1000m,m,Preliminaries,2
2,9.21,1:30.28,1,9.03,1:29.82,5,9.77,1:32.01,4,9.11,1:30.91,3,9.08,,2017-2018,ISU World Short Track Championships 2018 - Montreal (CAN),1000m,m,Preliminaries,2
