START_POS_1 POSITION,START_POS_1 LAP TIME,START_POS_1 ELAPSED TIME,START_POS_2 POSITION,START_POS_2 LAP TIME,START_POS_2 ELAPSED TIME,START_POS_3 POSITION,START_POS_3 LAP TIME,START_POS_3 ELAPSED TIME,START_POS_4 POSITION,START_POS_4 LAP TIME,START_POS_4 ELAPSED TIME,START_POS_5 POSITION,START_POS_5 LAP TIME,START_POS_5 ELAPSED TIME,season,competition,event,gender,round,race
4,14.68,14.68,2,14.48,14.48,1,14.35,14.35,3,14.61,14.61,5,14.82,14.82,2017-2018,Audi ISU World Cup 2017/18 - Shanghai (CHN),1000m,w,Preliminaries,9
4,12.25,26.93,2,12.22,26.70,1,12.23,26.58,3,12.21,26.82,5,12.23,27.05,2017-2018,Audi ISU World Cup 2017/18 - Shanghai (CHN),1000m,w,Preliminaries,9
4,12.15,39.08,2,12.22,38.92,1,12.22,38.80,3,12.20,39.02,5,12.18,39.23,2017-2018,Audi ISU World Cup 2017/18 - Shanghai (CHN),1000m,w,Preliminaries,9
4,11.42,50.50,1,11.39,50.31,2,11.58,50.38,3,11.43,50.45,5,11.40,50.63,2017-2018,Audi ISU World Cup 2017/18 - Shanghai (CHN),1000m,w,Preliminaries,9
4,10.23,1:00.73,1,10.17,1:00.48,2,10.17,1:00.55,3,10.20,1:00.65,5,10.21,1:00.84,2017-2018,Audi ISU World Cup 2017/18 - Shanghai (CHN),1000m,w,Preliminaries,9
4,10.02,1:10.75,1,10.04,1:10.52,2,10.03,1:10.58,3,10.03,1:10.68,5,10.06,1:10.90,2017-2018,Audi ISU World Cup 2017/18 - Shanghai (CHN),1000m,w,Preliminaries,9
4,9.84,1:20.59,1,9.77,1:20.29,2,9.77,1:20.35,3,9.81,1:20.49,5,9.83,1:20.73,2017-2018,Audi ISU World Cup 2017/18 - Shanghai (CHN),1000m,w,Preliminaries,9
4,9.53,1:30.12,1,9.51,1:29.80,2,9.53,1:29.88,3,9.49,1:29.98,5,9.58,1:30.31,2017-2018,Audi ISU World Cup 2017/18 - Shanghai (CHN),1000m,w,Preliminaries,9
4,9.60,1:39.725,1,9.45,1:39.25,2,9.41,1:39.29,3,9.53,1:39.51,5,9.56,1:39.876,2017-2018,Audi ISU World Cup 2017/18 - Shanghai (CHN),1000m,w,Preliminaries,9
