START_POS_1 POSITION,START_POS_1 LAP TIME,START_POS_1 ELAPSED TIME,START_POS_2 POSITION,START_POS_2 LAP TIME,START_POS_2 ELAPSED TIME,START_POS_3 POSITION,START_POS_3 LAP TIME,START_POS_3 ELAPSED TIME,START_POS_4 POSITION,START_POS_4 LAP TIME,START_POS_4 ELAPSED TIME,START_POS_5 POSITION,START_POS_5 LAP TIME,START_POS_5 ELAPSED TIME,season,competition,event,gender,round,race
3,14.38,14.38,1,14.17,14.17,2,14.25,14.25,5,14.76,14.76,4,14.54,14.54,2018-2019,ISU World Short Track Championships 2019 - Sofia (BUL),1000m,w,Heats,9
3,11.28,25.66,1,11.29,25.46,2,11.30,25.55,5,11.19,25.95,3,11.12,25.66,2018-2019,ISU World Short Track Championships 2019 - Sofia (BUL),1000m,w,Heats,9
4,10.29,35.95,2,10.22,35.68,3,10.28,35.83,5,10.39,36.34,1,9.78,35.44,2018-2019,ISU World Short Track Championships 2019 - Sofia (BUL),1000m,w,Heats,9
4,9.86,45.81,2,9.84,45.52,3,9.87,45.70,5,10.22,46.56,1,10.06,45.50,2018-2019,ISU World Short Track Championships 2019 - Sofia (BUL),1000m,w,Heats,9
4,9.73,55.54,1,9.65,55.17,3,9.72,55.42,5,10.51,57.07,2,9.80,55.30,2018-2019,ISU World Short Track Championships 2019 - Sofia (BUL),1000m,w,Heats,9
4,9.63,1:05.17,1,9.66,1:04.83,3,9.64,1:05.06,5,11.23,1:08.30,2,9.66,1:04.96,2018-2019,ISU World Short Track Championships 2019 - Sofia (BUL),1000m,w,Heats,9
4,9.63,1:14.80,1,9.58,1:14.41,3,9.56,1:14.62,5,12.44,1:20.74,2,9.56,1:14.52,2018-2019,ISU World Short Track Championships 2019 - Sofia (BUL),1000m,w,Heats,9
4,9.79,1:24.59,1,9.56,1:23.97,3,9.63,1:24.25,5,13.56,1:34.30,2,9.60,1:24.12,2018-2019,ISU World Short Track Championships 2019 - Sofia (BUL),1000m,w,Heats,9
4,10.27,1:34.86,1,9.75,1:33.72,3,9.63,1:33.88,5,13.05,1:47.35,2,9.74,1:33.86,2018-2019,ISU World Short Track Championships 2019 - Sofia (BUL),1000m,w,Heats,9
