START_POS_1 POSITION,START_POS_1 LAP TIME,START_POS_1 ELAPSED TIME,START_POS_2 POSITION,START_POS_2 LAP TIME,START_POS_2 ELAPSED TIME,START_POS_3 POSITION,START_POS_3 LAP TIME,START_POS_3 ELAPSED TIME,START_POS_4 POSITION,START_POS_4 LAP TIME,START_POS_4 ELAPSED TIME,START_POS_5 POSITION,START_POS_5 LAP TIME,START_POS_5 ELAPSED TIME,season,competition,event,gender,round,race
1,13.58,13.58,4,13.97,13.97,5,14.09,14.09,3,13.83,13.83,2,13.69,13.69,2018-2019,ISU World Junior Short Track Championships 2019 - Montreal (CAN),1000m,m,Preliminaries,4
2,10.14,23.72,5,10.03,24.00,4,9.87,23.96,1,9.73,23.56,3,10.15,23.84,2018-2019,ISU World Junior Short Track Championships 2019 - Montreal (CAN),1000m,m,Preliminaries,4
2,9.54,33.26,5,9.71,33.71,4,9.48,33.44,1,9.58,33.14,3,9.43,33.27,2018-2019,ISU World Junior Short Track Championships 2019 - Montreal (CAN),1000m,m,Preliminaries,4
3,9.64,42.90,5,9.49,43.20,4,9.54,42.98,1,9.49,42.63,2,9.50,42.77,2018-2019,ISU World Junior Short Track Championships 2019 - Montreal (CAN),1000m,m,Preliminaries,4
3,9.27,52.17,5,9.48,52.68,4,9.33,52.31,1,9.30,51.93,2,9.29,52.06,2018-2019,ISU World Junior Short Track Championships 2019 - Montreal (CAN),1000m,m,Preliminaries,4
3,9.01,1:01.18,5,9.45,1:02.13,4,8.99,1:01.30,1,9.02,1:00.95,2,9.01,1:01.07,2018-2019,ISU World Junior Short Track Championships 2019 - Montreal (CAN),1000m,m,Preliminaries,4
3,8.96,1:10.14,5,9.80,1:11.93,4,9.03,1:10.33,1,8.92,1:09.87,2,9.05,1:10.12,2018-2019,ISU World Junior Short Track Championships 2019 - Montreal (CAN),1000m,m,Preliminaries,4
1,8.75,1:18.89,5,10.15,1:22.08,3,9.02,1:19.35,2,9.04,1:18.91,4,9.34,1:19.46,2018-2019,ISU World Junior Short Track Championships 2019 - Montreal (CAN),1000m,m,Preliminaries,4
1,9.05,1:27.94,5,10.18,1:32.26,3,9.18,1:28.53,2,9.15,1:28.06,4,9.69,1:29.15,2018-2019,ISU World Junior Short Track Championships 2019 - Montreal (CAN),1000m,m,Preliminaries,4
