START_POS_1 POSITION,START_POS_1 LAP TIME,START_POS_1 ELAPSED TIME,START_POS_2 POSITION,START_POS_2 LAP TIME,START_POS_2 ELAPSED TIME,START_POS_3 POSITION,START_POS_3 LAP TIME,START_POS_3 ELAPSED TIME,START_POS_4 POSITION,START_POS_4 LAP TIME,START_POS_4 ELAPSED TIME,START_POS_5 POSITION,START_POS_5 LAP TIME,START_POS_5 ELAPSED TIME,START_POS_6 POSITION,START_POS_6 LAP TIME,START_POS_6 ELAPSED TIME,season,competition,event,gender,round,race
1,13.88,13.88,5,14.24,14.24,3,13.95,,2,13.90,,4,14.11,14.11,6,14.35,14.35,2018-2019,ISU World Cup 2018/19 - Calgary (CAN),1000m,m,Rep.Quarterfinals,3
2,10.65,24.53,5,10.64,24.88,3,10.68,,1,10.53,,4,10.66,24.77,6,10.60,24.95,2018-2019,ISU World Cup 2018/19 - Calgary (CAN),1000m,m,Rep.Quarterfinals,3
1,9.54,34.07,5,9.71,34.59,3,9.62,,2,9.72,,4,9.70,34.47,6,9.80,34.75,2018-2019,ISU World Cup 2018/19 - Calgary (CAN),1000m,m,Rep.Quarterfinals,3
3,9.54,43.61,4,9.14,43.73,1,9.27,,6,22.33,,2,9.10,43.57,5,9.10,43.85,2018-2019,ISU World Cup 2018/19 - Calgary (CAN),1000m,m,Rep.Quarterfinals,3
2,9.04,52.65,4,9.20,52.93,1,8.96,,6,28.56,1:25.04,3,9.24,52.81,5,9.21,53.06,2018-2019,ISU World Cup 2018/19 - Calgary (CAN),1000m,m,Rep.Quarterfinals,3
2,8.70,1:01.35,4,8.84,1:01.77,1,8.74,,,,,3,8.89,1:01.70,5,9.01,1:02.07,2018-2019,ISU World Cup 2018/19 - Calgary (CAN),1000m,m,Rep.Quarterfinals,3
2,8.76,1:10.11,4,8.91,1:10.68,1,8.86,,,,,3,8.92,1:10.62,5,9.31,1:11.38,2018-2019,ISU World Cup 2018/19 - Calgary (CAN),1000m,m,Rep.Quarterfinals,3
1,8.90,1:19.01,3,9.19,1:19.87,2,9.05,,,,,4,10.05,1:20.67,5,9.64,1:21.02,2018-2019,ISU World Cup 2018/19 - Calgary (CAN),1000m,m,Rep.Quarterfinals,3
1,9.09,1:28.10,3,9.51,1:29.38,2,9.18,,,,,3,10.29,1:30.962,4,10.01,1:31.035,2018-2019,ISU World Cup 2018/19 - Calgary (CAN),1000m,m,Rep.Quarterfinals,3
