START_POS_1 POSITION,START_POS_1 LAP TIME,START_POS_1 ELAPSED TIME,START_POS_2 POSITION,START_POS_2 LAP TIME,START_POS_2 ELAPSED TIME,START_POS_3 POSITION,START_POS_3 LAP TIME,START_POS_3 ELAPSED TIME,START_POS_4 POSITION,START_POS_4 LAP TIME,START_POS_4 ELAPSED TIME,season,competition,event,gender,round,race
1,15.54,,2,15.58,15.58,4,15.70,15.70,3,15.67,15.67,2018-2019,ISU World Junior Short Track Championships 2019 - Montreal (CAN),1000m,w,Preliminaries,7
3,13.15,,1,12.91,28.49,4,13.11,28.81,2,12.92,28.59,2018-2019,ISU World Junior Short Track Championships 2019 - Montreal (CAN),1000m,w,Preliminaries,7
2,14.16,,3,14.43,42.92,4,14.25,43.06,1,14.18,42.77,2018-2019,ISU World Junior Short Track Championships 2019 - Montreal (CAN),1000m,w,Preliminaries,7
2,12.49,,3,12.60,55.52,4,12.57,55.63,1,12.45,55.22,2018-2019,ISU World Junior Short Track Championships 2019 - Montreal (CAN),1000m,w,Preliminaries,7
2,10.71,,4,10.63,1:06.15,2,10.42,1:06.05,1,10.71,1:05.93,2018-2019,ISU World Junior Short Track Championships 2019 - Montreal (CAN),1000m,w,Preliminaries,7
4,9.79,,3,9.60,1:15.75,2,9.57,1:15.62,1,9.60,1:15.53,2018-2019,ISU World Junior Short Track Championships 2019 - Montreal (CAN),1000m,w,Preliminaries,7
4,9.54,,3,9.50,1:25.25,2,9.59,1:25.21,1,9.61,1:25.14,2018-2019,ISU World Junior Short Track Championships 2019 - Montreal (CAN),1000m,w,Preliminaries,7
3,9.99,1:35.37,4,12.30,1:37.55,2,9.97,1:35.18,1,9.72,1:34.86,2018-2019,ISU World Junior Short Track Championships 2019 - Montreal (CAN),1000m,w,Preliminaries,7
,,,2,12.43,1:49.98,3,31.11,2:06.29,1,10.12,1:44.98,2018-2019,ISU World Junior Short Track Championships 2019 - Montreal (CAN),1000m,w,Preliminaries,7
