START_POS_1 POSITION,START_POS_1 LAP TIME,START_POS_1 ELAPSED TIME,START_POS_2 POSITION,START_POS_2 LAP TIME,START_POS_2 ELAPSED TIME,START_POS_3 POSITION,START_POS_3 LAP TIME,START_POS_3 ELAPSED TIME,START_POS_4 POSITION,START_POS_4 LAP TIME,START_POS_4 ELAPSED TIME,START_POS_5 POSITION,START_POS_5 LAP TIME,START_POS_5 ELAPSED TIME,season,competition,event,gender,round,race
3,14.10,14.10,2,14.03,14.03,4,14.19,,1,13.93,13.93,5,14.22,14.22,2018-2019,ISU World Short Track Championships 2019 - Sofia (BUL),1000m,m,Preliminaries,3
2,11.03,25.13,1,11.00,25.03,3,10.97,,4,11.32,25.25,5,11.11,25.33,2018-2019,ISU World Short Track Championships 2019 - Sofia (BUL),1000m,m,Preliminaries,3
2,10.07,35.20,3,10.19,35.22,1,9.97,,4,10.20,35.45,5,10.21,35.54,2018-2019,ISU World Short Track Championships 2019 - Sofia (BUL),1000m,m,Preliminaries,3
3,10.33,45.53,2,10.20,45.42,1,10.19,,4,10.21,45.66,5,10.20,45.74,2018-2019,ISU World Short Track Championships 2019 - Sofia (BUL),1000m,m,Preliminaries,3
1,9.66,55.19,1,9.77,55.19,3,9.98,,4,9.65,55.31,5,9.71,55.45,2018-2019,ISU World Short Track Championships 2019 - Sofia (BUL),1000m,m,Preliminaries,3
1,9.45,1:04.64,2,9.55,1:04.74,5,9.77,,3,9.62,1:04.93,4,9.56,1:05.01,2018-2019,ISU World Short Track Championships 2019 - Sofia (BUL),1000m,m,Preliminaries,3
1,9.35,1:13.99,2,9.37,1:14.11,4,9.24,,3,9.25,1:14.18,5,9.42,1:14.43,2018-2019,ISU World Short Track Championships 2019 - Sofia (BUL),1000m,m,Preliminaries,3
1,9.28,1:23.27,2,9.27,1:23.38,5,9.58,,3,9.31,1:23.49,4,9.43,1:23.86,2018-2019,ISU World Short Track Championships 2019 - Sofia (BUL),1000m,m,Preliminaries,3
1,9.14,1:32.41,2,9.12,1:32.50,4,20.70,,3,9.09,1:32.58,5,25.68,1:49.54,2018-2019,ISU World Short Track Championships 2019 - Sofia (BUL),1000m,m,Preliminaries,3
