START_POS_1 POSITION,START_POS_1 LAP TIME,START_POS_1 ELAPSED TIME,START_POS_2 POSITION,START_POS_2 LAP TIME,START_POS_2 ELAPSED TIME,START_POS_3 POSITION,START_POS_3 LAP TIME,START_POS_3 ELAPSED TIME,START_POS_4 POSITION,START_POS_4 LAP TIME,START_POS_4 ELAPSED TIME,START_POS_5 POSITION,START_POS_5 LAP TIME,START_POS_5 ELAPSED TIME,season,competition,event,gender,round,race
3,13.68,13.68,2,13.56,13.56,4,13.80,13.80,5,13.92,13.92,1,13.47,13.47,2018-2019,ISU World Cup 2018/19 - Dresden (GER),1000m(2),w,Heats,3
1,9.92,23.60,3,10.22,23.78,4,10.09,23.89,5,10.10,24.02,2,10.21,23.68,2018-2019,ISU World Cup 2018/19 - Dresden (GER),1000m(2),w,Heats,3
1,9.79,33.39,1,9.61,33.39,4,9.66,33.55,5,9.67,33.69,3,9.80,33.48,2018-2019,ISU World Cup 2018/19 - Dresden (GER),1000m(2),w,Heats,3
2,9.53,42.92,1,9.45,42.84,4,9.55,43.10,5,9.51,43.20,3,9.52,43.00,2018-2019,ISU World Cup 2018/19 - Dresden (GER),1000m(2),w,Heats,3
2,9.76,52.68,1,9.75,52.59,4,9.80,52.90,5,9.79,52.99,3,9.78,52.78,2018-2019,ISU World Cup 2018/19 - Dresden (GER),1000m(2),w,Heats,3
2,9.78,1:02.46,1,9.77,1:02.36,4,9.75,1:02.65,5,10.15,1:03.14,3,9.77,1:02.55,2018-2019,ISU World Cup 2018/19 - Dresden (GER),1000m(2),w,Heats,3
2,9.70,1:12.16,1,9.69,1:12.05,4,9.74,1:12.39,5,10.08,1:13.22,3,9.71,1:12.26,2018-2019,ISU World Cup 2018/19 - Dresden (GER),1000m(2),w,Heats,3
2,9.64,1:21.80,1,9.63,1:21.68,4,9.65,1:22.04,5,10.05,1:23.27,3,9.63,1:21.89,2018-2019,ISU World Cup 2018/19 - Dresden (GER),1000m(2),w,Heats,3
2,9.62,1:31.42,1,9.65,1:31.33,4,9.79,1:31.83,5,10.45,1:33.72,3,9.64,1:31.53,2018-2019,ISU World Cup 2018/19 - Dresden (GER),1000m(2),w,Heats,3
