START_POS_1 POSITION,START_POS_1 LAP TIME,START_POS_1 ELAPSED TIME,START_POS_2 POSITION,START_POS_2 LAP TIME,START_POS_2 ELAPSED TIME,START_POS_3 POSITION,START_POS_3 LAP TIME,START_POS_3 ELAPSED TIME,START_POS_4 POSITION,START_POS_4 LAP TIME,START_POS_4 ELAPSED TIME,START_POS_5 POSITION,START_POS_5 LAP TIME,START_POS_5 ELAPSED TIME,START_POS_6 POSITION,START_POS_6 LAP TIME,START_POS_6 ELAPSED TIME,season,competition,event,gender,round,race
1,13.27,13.27,2,13.34,13.34,3,13.43,13.43,4,13.54,13.54,6,13.76,13.76,5,13.66,13.66,2018-2019,ISU World Cup 2018/19 - Salt Lake City (USA),1000m(1),w,Quarterfinals,4
1,10.27,23.54,2,10.28,23.62,4,10.29,23.72,3,10.17,23.71,6,10.21,23.97,5,10.23,23.89,2018-2019,ISU World Cup 2018/19 - Salt Lake City (USA),1000m(1),w,Quarterfinals,4
1,10.09,33.63,2,10.10,33.72,5,10.19,33.91,3,10.11,33.82,6,10.09,34.06,4,9.94,33.83,2018-2019,ISU World Cup 2018/19 - Salt Lake City (USA),1000m(1),w,Quarterfinals,4
2,9.65,43.28,3,9.65,43.37,5,9.64,43.55,4,9.66,43.48,6,9.62,43.68,1,9.27,43.10,2018-2019,ISU World Cup 2018/19 - Salt Lake City (USA),1000m(1),w,Quarterfinals,4
2,9.38,52.66,3,9.36,52.73,4,9.24,52.79,5,9.33,52.81,6,9.33,53.01,1,9.45,52.55,2018-2019,ISU World Cup 2018/19 - Salt Lake City (USA),1000m(1),w,Quarterfinals,4
1,9.33,1:01.99,3,9.43,1:02.16,4,9.46,1:02.25,5,9.58,1:02.39,6,9.60,1:02.61,2,9.59,1:02.14,2018-2019,ISU World Cup 2018/19 - Salt Lake City (USA),1000m(1),w,Quarterfinals,4
2,9.56,1:11.55,3,9.49,1:11.65,1,9.28,1:11.53,4,9.63,1:12.02,6,9.78,1:12.39,5,9.92,1:12.06,2018-2019,ISU World Cup 2018/19 - Salt Lake City (USA),1000m(1),w,Quarterfinals,4
2,9.45,1:21.00,3,9.44,1:21.09,1,9.03,1:20.56,4,9.43,1:21.45,6,10.19,1:22.58,5,10.37,1:22.43,2018-2019,ISU World Cup 2018/19 - Salt Lake City (USA),1000m(1),w,Quarterfinals,4
2,9.68,1:30.68,3,9.63,1:30.726,1,9.36,1:29.92,4,9.37,1:30.823,6,10.61,1:33.194,5,10.54,1:32.977,2018-2019,ISU World Cup 2018/19 - Salt Lake City (USA),1000m(1),w,Quarterfinals,4
