START_POS_1 POSITION,START_POS_1 LAP TIME,START_POS_1 ELAPSED TIME,START_POS_2 POSITION,START_POS_2 LAP TIME,START_POS_2 ELAPSED TIME,START_POS_3 POSITION,START_POS_3 LAP TIME,START_POS_3 ELAPSED TIME,START_POS_4 POSITION,START_POS_4 LAP TIME,START_POS_4 ELAPSED TIME,season,competition,event,gender,round,race
1,14.08,14.08,2,14.19,14.19,3,14.30,14.30,4,14.35,14.35,2018-2019,ISU World Cup 2018/19 - Torino (ITA),1000m,w,Preliminaries,10
3,10.94,25.02,2,10.81,25.00,4,10.96,25.26,1,10.60,24.95,2018-2019,ISU World Cup 2018/19 - Torino (ITA),1000m,w,Preliminaries,10
3,9.97,34.99,2,9.81,34.81,4,9.86,35.12,1,9.85,34.80,2018-2019,ISU World Cup 2018/19 - Torino (ITA),1000m,w,Preliminaries,10
3,9.65,44.64,1,9.58,44.39,4,9.62,44.74,2,9.74,44.54,2018-2019,ISU World Cup 2018/19 - Torino (ITA),1000m,w,Preliminaries,10
2,9.93,54.57,2,10.18,54.57,4,10.11,54.85,1,9.93,54.47,2018-2019,ISU World Cup 2018/19 - Torino (ITA),1000m,w,Preliminaries,10
1,9.45,1:04.02,3,9.80,1:04.37,4,9.71,1:04.56,2,9.79,1:04.26,2018-2019,ISU World Cup 2018/19 - Torino (ITA),1000m,w,Preliminaries,10
1,9.52,1:13.54,2,9.71,1:14.08,4,9.77,1:14.33,3,10.02,1:14.28,2018-2019,ISU World Cup 2018/19 - Torino (ITA),1000m,w,Preliminaries,10
1,9.75,1:23.29,2,9.77,1:23.85,3,10.15,1:24.48,4,10.41,1:24.69,2018-2019,ISU World Cup 2018/19 - Torino (ITA),1000m,w,Preliminaries,10
1,10.10,1:33.39,2,10.31,1:34.16,3,10.44,1:34.92,4,10.70,1:35.39,2018-2019,ISU World Cup 2018/19 - Torino (ITA),1000m,w,Preliminaries,10
