START_POS_1 POSITION,START_POS_1 LAP TIME,START_POS_1 ELAPSED TIME,START_POS_2 POSITION,START_POS_2 LAP TIME,START_POS_2 ELAPSED TIME,START_POS_3 POSITION,START_POS_3 LAP TIME,START_POS_3 ELAPSED TIME,START_POS_4 POSITION,START_POS_4 LAP TIME,START_POS_4 ELAPSED TIME,START_POS_5 POSITION,START_POS_5 LAP TIME,START_POS_5 ELAPSED TIME,START_POS_6 POSITION,START_POS_6 LAP TIME,START_POS_6 ELAPSED TIME,season,competition,event,gender,round,race
2,13.26,13.26,3,13.36,13.36,6,13.89,13.89,5,13.63,13.63,4,13.52,13.52,1,13.08,13.08,2018-2019,ISU World Cup 2018/19 - Dresden (GER),1000m(1),w,Semifinals,1
2,9.62,22.88,3,9.62,22.98,6,9.40,23.29,5,9.53,23.16,4,9.56,23.08,1,9.67,22.75,2018-2019,ISU World Cup 2018/19 - Dresden (GER),1000m(1),w,Semifinals,1
2,9.72,32.60,4,9.69,32.67,3,9.34,32.63,5,9.61,32.77,6,9.81,32.89,1,9.73,32.48,2018-2019,ISU World Cup 2018/19 - Dresden (GER),1000m(1),w,Semifinals,1
3,9.30,41.90,4,9.41,42.08,2,9.22,41.85,5,9.41,42.18,6,9.41,42.30,1,9.26,41.74,2018-2019,ISU World Cup 2018/19 - Dresden (GER),1000m(1),w,Semifinals,1
3,9.25,51.15,4,9.19,51.27,2,9.19,51.04,5,9.18,51.36,6,9.15,51.45,1,9.20,50.94,2018-2019,ISU World Cup 2018/19 - Dresden (GER),1000m(1),w,Semifinals,1
1,9.24,1:00.39,4,9.27,1:00.54,3,9.39,1:00.43,5,9.27,1:00.63,6,9.28,1:00.73,2,9.46,1:00.40,2018-2019,ISU World Cup 2018/19 - Dresden (GER),1000m(1),w,Semifinals,1
1,9.59,1:09.98,5,9.88,1:10.42,2,9.71,1:10.14,4,9.73,1:10.36,6,9.78,1:10.51,3,9.82,1:10.22,2018-2019,ISU World Cup 2018/19 - Dresden (GER),1000m(1),w,Semifinals,1
1,9.77,1:19.75,6,10.53,1:20.95,2,9.86,1:20.00,4,9.79,1:20.15,5,9.89,1:20.40,3,9.89,1:20.11,2018-2019,ISU World Cup 2018/19 - Dresden (GER),1000m(1),w,Semifinals,1
0,9.92,1:29.67,6,11.54,1:32.49,4,10.10,1:30.10,0,9.55,1:29.70,3,9.67,1:30.07,5,10.20,1:30.31,2018-2019,ISU World Cup 2018/19 - Dresden (GER),1000m(1),w,Semifinals,1
