START_POS_1 POSITION,START_POS_1 LAP TIME,START_POS_1 ELAPSED TIME,START_POS_2 POSITION,START_POS_2 LAP TIME,START_POS_2 ELAPSED TIME,START_POS_3 POSITION,START_POS_3 LAP TIME,START_POS_3 ELAPSED TIME,START_POS_4 POSITION,START_POS_4 LAP TIME,START_POS_4 ELAPSED TIME,START_POS_5 POSITION,START_POS_5 LAP TIME,START_POS_5 ELAPSED TIME,season,competition,event,gender,round,race
3,13.82,13.82,2,13.73,13.73,4,13.97,13.97,1,13.54,,5,14.08,14.08,2019-2020,ISU Four Continents Short Track Championships 2020 - Montreal (CAN),1000m,m,Semifinals,2
1,10.09,23.91,2,10.31,24.04,3,10.24,24.21,4,10.68,,5,10.30,24.38,2019-2020,ISU Four Continents Short Track Championships 2020 - Montreal (CAN),1000m,m,Semifinals,2
1,10.09,34.00,2,10.11,34.15,3,10.03,34.24,5,10.21,,4,9.87,34.25,2019-2020,ISU Four Continents Short Track Championships 2020 - Montreal (CAN),1000m,m,Semifinals,2
1,9.63,43.63,2,9.58,43.73,4,9.70,43.94,5,9.64,,3,9.60,43.85,2019-2020,ISU Four Continents Short Track Championships 2020 - Montreal (CAN),1000m,m,Semifinals,2
1,9.49,53.12,2,9.56,53.29,4,9.57,53.51,5,9.58,,3,9.56,53.41,2019-2020,ISU Four Continents Short Track Championships 2020 - Montreal (CAN),1000m,m,Semifinals,2
1,9.22,1:02.34,2,9.16,1:02.45,4,9.19,1:02.70,5,22.51,,3,9.16,1:02.57,2019-2020,ISU Four Continents Short Track Championships 2020 - Montreal (CAN),1000m,m,Semifinals,2
1,8.73,1:11.07,2,8.72,1:11.17,3,8.60,1:11.30,5,24.86,1:41.02,4,8.76,1:11.33,2019-2020,ISU Four Continents Short Track Championships 2020 - Montreal (CAN),1000m,m,Semifinals,2
1,8.59,1:19.66,2,8.59,1:19.76,3,8.54,1:19.84,,,,4,8.69,1:20.02,2019-2020,ISU Four Continents Short Track Championships 2020 - Montreal (CAN),1000m,m,Semifinals,2
0,8.65,1:28.31,0,8.57,1:28.33,3,8.53,1:28.37,,,,4,8.70,1:28.72,2019-2020,ISU Four Continents Short Track Championships 2020 - Montreal (CAN),1000m,m,Semifinals,2
