START_POS_1 POSITION,START_POS_1 LAP TIME,START_POS_1 ELAPSED TIME,START_POS_2 POSITION,START_POS_2 LAP TIME,START_POS_2 ELAPSED TIME,START_POS_3 POSITION,START_POS_3 LAP TIME,START_POS_3 ELAPSED TIME,START_POS_4 POSITION,START_POS_4 LAP TIME,START_POS_4 ELAPSED TIME,START_POS_5 POSITION,START_POS_5 LAP TIME,START_POS_5 ELAPSED TIME,START_POS_6 POSITION,START_POS_6 LAP TIME,START_POS_6 ELAPSED TIME,season,competition,event,gender,round,race
5,14.09,14.09,2,13.81,13.81,6,14.19,14.19,4,13.90,13.90,1,13.70,13.70,3,13.82,13.82,2019-2020,ISU World Cup  2019/20 - Montreal (CAN),1000m(1),w,Rep.Semifinals,1
5,10.27,24.36,4,10.42,24.23,6,10.28,24.47,1,10.09,23.99,3,10.44,24.14,2,10.22,24.04,2019-2020,ISU World Cup  2019/20 - Montreal (CAN),1000m(1),w,Rep.Semifinals,1
5,10.33,34.69,4,10.33,34.56,6,10.32,34.79,1,10.30,34.29,3,10.35,34.49,2,10.33,34.37,2019-2020,ISU World Cup  2019/20 - Montreal (CAN),1000m(1),w,Rep.Semifinals,1
6,10.21,44.90,4,10.10,44.66,5,9.98,44.77,1,10.16,44.45,3,10.15,44.64,2,10.18,44.55,2019-2020,ISU World Cup  2019/20 - Montreal (CAN),1000m(1),w,Rep.Semifinals,1
6,9.79,54.69,4,9.89,54.55,4,9.78,54.55,1,9.77,54.22,3,9.80,54.44,2,9.76,54.31,2019-2020,ISU World Cup  2019/20 - Montreal (CAN),1000m(1),w,Rep.Semifinals,1
5,9.60,1:04.29,,,,4,9.53,1:04.08,1,9.65,1:03.87,3,9.61,1:04.05,2,9.67,1:03.98,2019-2020,ISU World Cup  2019/20 - Montreal (CAN),1000m(1),w,Rep.Semifinals,1
4,9.41,1:13.70,,,,5,9.65,1:13.73,1,9.45,1:13.32,3,9.56,1:13.61,2,9.58,1:13.56,2019-2020,ISU World Cup  2019/20 - Montreal (CAN),1000m(1),w,Rep.Semifinals,1
4,9.58,1:23.28,2,,1:23.20,5,9.66,1:23.39,1,9.60,1:22.92,3,9.60,1:23.21,6,9.90,1:23.46,2019-2020,ISU World Cup  2019/20 - Montreal (CAN),1000m(1),w,Rep.Semifinals,1
1,9.49,1:32.77,4,9.94,1:33.149,5,9.79,1:33.187,2,9.88,1:32.80,3,9.85,1:33.062,6,10.50,1:33.968,2019-2020,ISU World Cup  2019/20 - Montreal (CAN),1000m(1),w,Rep.Semifinals,1
