START_POS_1 POSITION,START_POS_1 LAP TIME,START_POS_1 ELAPSED TIME,START_POS_2 POSITION,START_POS_2 LAP TIME,START_POS_2 ELAPSED TIME,START_POS_3 POSITION,START_POS_3 LAP TIME,START_POS_3 ELAPSED TIME,START_POS_4 POSITION,START_POS_4 LAP TIME,START_POS_4 ELAPSED TIME,START_POS_5 POSITION,START_POS_5 LAP TIME,START_POS_5 ELAPSED TIME,START_POS_6 POSITION,START_POS_6 LAP TIME,START_POS_6 ELAPSED TIME,season,competition,event,gender,round,race
1,14.21,,2,14.32,,6,14.47,14.47,4,14.38,14.38,5,14.42,14.42,3,14.35,14.35,2019-2020,ISU World Cup 2019/20 - Nagoya (JPN),1000m,w,Rep.Semifinals,1
1,10.07,,5,10.28,,1,9.81,24.28,4,10.10,24.48,6,10.28,24.70,3,10.05,24.40,2019-2020,ISU World Cup 2019/20 - Nagoya (JPN),1000m,w,Rep.Semifinals,1
2,9.83,,4,9.86,,1,9.66,33.94,6,10.07,34.55,4,9.76,34.46,3,9.94,34.34,2019-2020,ISU World Cup 2019/20 - Nagoya (JPN),1000m,w,Rep.Semifinals,1
3,9.89,,4,9.71,,1,9.96,43.90,6,9.82,44.37,5,9.81,44.27,2,9.65,43.99,2019-2020,ISU World Cup 2019/20 - Nagoya (JPN),1000m,w,Rep.Semifinals,1
3,9.97,,5,10.01,,2,9.99,53.89,5,9.81,54.18,4,9.80,54.07,1,9.82,53.81,2019-2020,ISU World Cup 2019/20 - Nagoya (JPN),1000m,w,Rep.Semifinals,1
6,10.76,,3,10.04,,5,10.44,1:04.33,4,10.13,1:04.31,2,10.03,1:04.10,1,10.22,1:04.03,2019-2020,ISU World Cup 2019/20 - Nagoya (JPN),1000m,w,Rep.Semifinals,1
6,10.48,,3,10.02,,5,10.11,1:14.44,4,10.07,1:14.38,2,10.07,1:14.17,1,10.09,1:14.12,2019-2020,ISU World Cup 2019/20 - Nagoya (JPN),1000m,w,Rep.Semifinals,1
6,9.75,,3,10.05,,5,10.07,1:24.51,4,10.04,1:24.42,2,10.02,1:24.19,1,9.97,1:24.09,2019-2020,ISU World Cup 2019/20 - Nagoya (JPN),1000m,w,Rep.Semifinals,1
5,9.64,,3,10.20,,4,10.19,1:34.703,3,10.10,1:34.524,2,10.16,1:34.35,1,10.23,1:34.32,2019-2020,ISU World Cup 2019/20 - Nagoya (JPN),1000m,w,Rep.Semifinals,1
