START_POS_1 POSITION,START_POS_1 LAP TIME,START_POS_1 ELAPSED TIME,START_POS_2 POSITION,START_POS_2 LAP TIME,START_POS_2 ELAPSED TIME,START_POS_3 POSITION,START_POS_3 LAP TIME,START_POS_3 ELAPSED TIME,START_POS_4 POSITION,START_POS_4 LAP TIME,START_POS_4 ELAPSED TIME,START_POS_5 POSITION,START_POS_5 LAP TIME,START_POS_5 ELAPSED TIME,season,competition,event,gender,round,race
4,12.92,12.92,2,12.72,12.72,3,12.83,12.83,1,12.67,12.67,5,13.06,,2019-2020,ISU World Cup 2019/20 - Shanghai (CHN),1000m,m,Quarterfinals,2
4,9.83,22.75,2,9.79,22.51,3,9.78,22.61,1,9.70,22.37,5,9.85,,2019-2020,ISU World Cup 2019/20 - Shanghai (CHN),1000m,m,Quarterfinals,2
3,9.49,32.24,2,9.64,32.15,4,9.69,32.30,1,9.61,31.98,5,9.51,,2019-2020,ISU World Cup 2019/20 - Shanghai (CHN),1000m,m,Quarterfinals,2
2,9.40,41.64,1,9.39,41.54,4,9.54,41.84,3,9.67,41.65,5,9.60,,2019-2020,ISU World Cup 2019/20 - Shanghai (CHN),1000m,m,Quarterfinals,2
3,9.15,50.79,1,9.12,50.66,4,8.97,50.81,2,9.08,50.73,5,9.01,,2019-2020,ISU World Cup 2019/20 - Shanghai (CHN),1000m,m,Quarterfinals,2
5,9.11,59.90,1,8.93,59.59,3,8.95,59.76,2,8.96,59.69,4,8.85,,2019-2020,ISU World Cup 2019/20 - Shanghai (CHN),1000m,m,Quarterfinals,2
5,9.03,1:08.93,1,8.84,1:08.43,3,8.80,1:08.56,2,8.83,1:08.52,4,8.81,,2019-2020,ISU World Cup 2019/20 - Shanghai (CHN),1000m,m,Quarterfinals,2
4,8.83,1:17.76,1,8.79,1:17.22,5,9.76,1:18.32,2,8.80,1:17.32,3,8.97,,2019-2020,ISU World Cup 2019/20 - Shanghai (CHN),1000m,m,Quarterfinals,2
3,9.19,1:26.956,1,8.94,1:26.16,4,10.34,1:28.665,2,8.88,1:26.20,3,9.06,,2019-2020,ISU World Cup 2019/20 - Shanghai (CHN),1000m,m,Quarterfinals,2
