START_POS_1 POSITION,START_POS_1 LAP TIME,START_POS_1 ELAPSED TIME,START_POS_2 POSITION,START_POS_2 LAP TIME,START_POS_2 ELAPSED TIME,START_POS_3 POSITION,START_POS_3 LAP TIME,START_POS_3 ELAPSED TIME,START_POS_4 POSITION,START_POS_4 LAP TIME,START_POS_4 ELAPSED TIME,season,competition,event,gender,round,race
2,15.32,,4,15.62,15.62,1,15.20,15.20,3,15.44,15.44,2019-2020,ISU World Junior Short Track Championships 2020 - Bormio (ITA),1000m,w,Heats,7
2,11.44,,4,11.44,27.06,1,11.44,26.64,3,11.45,26.89,2019-2020,ISU World Junior Short Track Championships 2020 - Bormio (ITA),1000m,w,Heats,7
1,10.34,,4,10.54,37.60,2,10.63,37.27,3,10.55,37.44,2019-2020,ISU World Junior Short Track Championships 2020 - Bormio (ITA),1000m,w,Heats,7
1,9.97,,4,9.84,47.44,2,9.89,47.16,3,9.86,47.30,2019-2020,ISU World Junior Short Track Championships 2020 - Bormio (ITA),1000m,w,Heats,7
1,9.45,,4,9.64,57.08,3,9.79,56.95,2,9.53,56.83,2019-2020,ISU World Junior Short Track Championships 2020 - Bormio (ITA),1000m,w,Heats,7
1,9.39,,3,9.33,1:06.41,4,9.51,1:06.46,2,9.37,1:06.20,2019-2020,ISU World Junior Short Track Championships 2020 - Bormio (ITA),1000m,w,Heats,7
1,9.52,,2,9.22,1:15.63,4,9.62,1:16.08,3,9.48,1:15.68,2019-2020,ISU World Junior Short Track Championships 2020 - Bormio (ITA),1000m,w,Heats,7
2,9.79,,1,9.42,1:25.05,4,9.80,1:25.88,3,9.69,1:25.37,2019-2020,ISU World Junior Short Track Championships 2020 - Bormio (ITA),1000m,w,Heats,7
2,9.80,,1,9.53,1:34.58,4,10.10,1:35.98,3,9.75,1:35.12,2019-2020,ISU World Junior Short Track Championships 2020 - Bormio (ITA),1000m,w,Heats,7
