START_POS_1 POSITION,START_POS_1 LAP TIME,START_POS_1 ELAPSED TIME,START_POS_2 POSITION,START_POS_2 LAP TIME,START_POS_2 ELAPSED TIME,START_POS_3 POSITION,START_POS_3 LAP TIME,START_POS_3 ELAPSED TIME,START_POS_4 POSITION,START_POS_4 LAP TIME,START_POS_4 ELAPSED TIME,START_POS_5 POSITION,START_POS_5 LAP TIME,START_POS_5 ELAPSED TIME,season,competition,event,gender,round,race
4,13.67,13.67,2,13.43,13.43,3,13.54,13.54,1,13.27,13.27,5,13.72,13.72,2019-2020,ISU World Cup  2019/20 - Montreal (CAN),1000m(2),w,Heats,8
4,9.83,23.50,2,9.89,23.32,3,9.90,23.44,1,9.95,23.22,5,9.88,23.60,2019-2020,ISU World Cup  2019/20 - Montreal (CAN),1000m(2),w,Heats,8
4,9.88,33.38,2,9.89,33.21,3,9.88,33.32,1,9.85,33.07,5,9.95,33.55,2019-2020,ISU World Cup  2019/20 - Montreal (CAN),1000m(2),w,Heats,8
2,9.35,42.73,4,9.59,42.80,3,9.44,42.76,1,9.53,42.60,5,9.54,43.09,2019-2020,ISU World Cup  2019/20 - Montreal (CAN),1000m(2),w,Heats,8
4,9.51,52.24,3,9.29,52.09,2,9.31,52.07,1,9.39,51.99,5,9.59,52.68,2019-2020,ISU World Cup  2019/20 - Montreal (CAN),1000m(2),w,Heats,8
4,9.39,1:01.63,1,9.16,1:01.25,2,9.34,1:01.41,3,9.60,1:01.59,5,9.92,1:02.60,2019-2020,ISU World Cup  2019/20 - Montreal (CAN),1000m(2),w,Heats,8
3,9.40,1:11.03,1,9.36,1:10.61,2,9.48,1:10.89,4,9.61,1:11.20,5,10.33,1:12.93,2019-2020,ISU World Cup  2019/20 - Montreal (CAN),1000m(2),w,Heats,8
3,9.46,1:20.49,1,9.63,1:20.24,2,9.48,1:20.37,4,9.66,1:20.86,5,10.74,1:23.67,2019-2020,ISU World Cup  2019/20 - Montreal (CAN),1000m(2),w,Heats,8
3,9.81,1:30.30,0,10.00,1:30.24,0,9.89,1:30.26,4,9.77,1:30.63,5,11.48,1:35.15,2019-2020,ISU World Cup  2019/20 - Montreal (CAN),1000m(2),w,Heats,8
