START_POS_1 POSITION,START_POS_1 LAP TIME,START_POS_1 ELAPSED TIME,START_POS_2 POSITION,START_POS_2 LAP TIME,START_POS_2 ELAPSED TIME,START_POS_3 POSITION,START_POS_3 LAP TIME,START_POS_3 ELAPSED TIME,START_POS_4 POSITION,START_POS_4 LAP TIME,START_POS_4 ELAPSED TIME,season,competition,event,gender,round,race
1,14.388,14.388,4,14.582,14.582,2,14.408,14.408,3,14.535,14.535,2002-2003,2002 World Cup 4 Italy,1000M,m,Heats,4
1,10.609,24.996,2,10.628,25.210,4,10.873,25.280,3,10.709,25.244,2002-2003,2002 World Cup 4 Italy,1000M,m,Heats,4
1,9.759,34.755,3,9.689,34.898,4,9.634,34.913,2,9.653,34.896,2002-2003,2002 World Cup 4 Italy,1000M,m,Heats,4
1,9.548,44.302,2,9.556,44.454,4,9.750,44.663,3,9.756,44.651,2002-2003,2002 World Cup 4 Italy,1000M,m,Heats,4
1,9.598,53.900,3,9.659,54.112,4,9.519,54.181,2,9.436,54.087,2002-2003,2002 World Cup 4 Italy,1000M,m,Heats,4
1,9.577,1:03.476,3,9.417,1:03.529,4,9.543,1:03.723,2,9.397,1:03.484,2002-2003,2002 World Cup 4 Italy,1000M,m,Heats,4
1,9.352,1:12.827,2,9.478,1:13.006,4,9.385,1:13.108,3,9.584,1:13.067,2002-2003,2002 World Cup 4 Italy,1000M,m,Heats,4
1,9.073,1:21.900,2,9.125,1:22.131,4,9.361,1:22.468,3,9.155,1:22.222,2002-2003,2002 World Cup 4 Italy,1000M,m,Heats,4
1,9.37,1:31.269,3,9.31,1:31.437,4,9.57,1:32.038,2,9.11,1:31.326,2002-2003,2002 World Cup 4 Italy,1000M,m,Heats,4
