START_POS_1 POSITION,START_POS_1 LAP TIME,START_POS_1 ELAPSED TIME,START_POS_2 POSITION,START_POS_2 LAP TIME,START_POS_2 ELAPSED TIME,START_POS_3 POSITION,START_POS_3 LAP TIME,START_POS_3 ELAPSED TIME,START_POS_4 POSITION,START_POS_4 LAP TIME,START_POS_4 ELAPSED TIME,season,competition,event,gender,round,race
1,15.536,15.536,2,15.751,15.751,,,,3,15.859,15.859,2002-2003,2003 European Championships Russia,1000M,w,SemiFinals,2
1,11.464,27.000,2,11.566,27.317,4,,38.075,3,11.594,27.453,2002-2003,2003 European Championships Russia,1000M,w,SemiFinals,2
1,11.388,38.387,2,11.125,38.441,,,,3,11.166,38.619,2002-2003,2003 European Championships Russia,1000M,w,SemiFinals,2
2,10.825,49.212,3,10.991,49.432,1,,49.168,4,10.936,49.555,2002-2003,2003 European Championships Russia,1000M,w,SemiFinals,2
2,10.292,59.503,3,10.189,59.620,1,10.202,59.370,4,10.267,59.821,2002-2003,2003 European Championships Russia,1000M,w,SemiFinals,2
2,9.746,1:09.249,3,9.836,1:09.456,1,9.868,1:09.237,4,9.789,1:09.609,2002-2003,2003 European Championships Russia,1000M,w,SemiFinals,2
2,9.841,1:19.089,3,9.783,1:19.238,1,9.746,1:18.982,4,9.648,1:19.256,2002-2003,2003 European Championships Russia,1000M,w,SemiFinals,2
3,9.931,1:29.019,1,9.358,1:28.595,2,9.841,1:28.823,4,9.832,1:29.088,2002-2003,2003 European Championships Russia,1000M,w,SemiFinals,2
4,10.39,1:39.401,1,10.04,1:38.626,2,10.08,1:38.901,3,9.91,1:38.997,2002-2003,2003 European Championships Russia,1000M,w,SemiFinals,2
