START_POS_1 POSITION,START_POS_1 LAP TIME,START_POS_1 ELAPSED TIME,START_POS_2 POSITION,START_POS_2 LAP TIME,START_POS_2 ELAPSED TIME,START_POS_3 POSITION,START_POS_3 LAP TIME,START_POS_3 ELAPSED TIME,START_POS_4 POSITION,START_POS_4 LAP TIME,START_POS_4 ELAPSED TIME,season,competition,event,gender,round,race
2,14.614,14.614,1,14.590,14.590,3,14.699,14.699,4,14.787,14.787,2002-2003,2003 World Cup 5 USA,1000M,w,QuarterFinals,1
3,11.007,25.620,2,11.002,25.591,4,11.066,25.765,1,10.545,25.332,2002-2003,2003 World Cup 5 USA,1000M,w,QuarterFinals,1
3,10.117,35.737,2,10.028,35.618,4,10.075,35.839,1,10.149,35.481,2002-2003,2003 World Cup 5 USA,1000M,w,QuarterFinals,1
4,9.803,45.539,2,9.864,45.482,3,9.647,45.485,1,9.846,45.326,2002-2003,2003 World Cup 5 USA,1000M,w,QuarterFinals,1
2,9.520,55.059,4,9.901,55.382,3,9.675,55.159,1,9.720,55.046,2002-2003,2003 World Cup 5 USA,1000M,w,QuarterFinals,1
1,9.461,1:04.520,4,9.554,1:04.935,2,9.629,1:04.788,3,9.757,1:04.803,2002-2003,2003 World Cup 5 USA,1000M,w,QuarterFinals,1
1,9.791,1:14.311,4,9.815,1:14.750,3,9.745,1:14.532,2,9.618,1:14.421,2002-2003,2003 World Cup 5 USA,1000M,w,QuarterFinals,1
1,9.804,1:24.114,4,9.797,1:24.547,3,9.836,1:24.368,2,9.763,1:24.183,2002-2003,2003 World Cup 5 USA,1000M,w,QuarterFinals,1
1,9.99,1:34.104,4,10.02,1:34.564,3,10.10,1:34.466,2,10.02,1:34.199,2002-2003,2003 World Cup 5 USA,1000M,w,QuarterFinals,1
