START_POS_1 POSITION,START_POS_1 LAP TIME,START_POS_1 ELAPSED TIME,START_POS_2 POSITION,START_POS_2 LAP TIME,START_POS_2 ELAPSED TIME,START_POS_3 POSITION,START_POS_3 LAP TIME,START_POS_3 ELAPSED TIME,START_POS_4 POSITION,START_POS_4 LAP TIME,START_POS_4 ELAPSED TIME,season,competition,event,gender,round,race
3,14.460,14.460,1,14.214,14.214,4,14.708,14.708,2,14.230,14.230,2002-2003,2003 European Championships Russia,1000M,w,Heats,2
2,10.664,25.123,3,10.937,25.151,4,10.628,25.336,1,10.834,25.063,2002-2003,2003 European Championships Russia,1000M,w,Heats,2
4,11.177,36.299,2,11.002,36.152,3,10.935,36.270,1,11.073,36.136,2002-2003,2003 European Championships Russia,1000M,w,Heats,2
3,10.978,47.277,2,11.019,47.170,4,11.119,47.389,1,11.007,47.143,2002-2003,2003 European Championships Russia,1000M,w,Heats,2
2,9.980,57.256,1,9.984,57.154,3,10.215,57.603,4,10.485,57.628,2002-2003,2003 European Championships Russia,1000M,w,Heats,2
2,9.874,1:07.129,1,9.952,1:07.106,3,9.585,1:07.188,4,10.430,1:08.058,2002-2003,2003 European Championships Russia,1000M,w,Heats,2
3,9.849,1:16.978,1,9.730,1:16.835,2,9.735,1:16.922,4,10.423,1:18.480,2002-2003,2003 European Championships Russia,1000M,w,Heats,2
1,9.687,1:26.664,2,10.007,1:26.842,3,10.004,1:26.926,4,10.785,1:29.265,2002-2003,2003 European Championships Russia,1000M,w,Heats,2
1,10.13,1:36.788,2,10.08,1:36.922,3,10.16,1:37.081,4,11.23,1:40.491,2002-2003,2003 European Championships Russia,1000M,w,Heats,2
