Amelie GOULET-NADON POSITION,Amelie GOULET-NADON LAP TIME,Amelie GOULET-NADON ELAPSED TIME,Ivita KRUMINA POSITION,Ivita KRUMINA LAP TIME,Ivita KRUMINA ELAPSED TIME,Katerina NOVOTNA POSITION,Katerina NOVOTNA LAP TIME,Katerina NOVOTNA ELAPSED TIME,Rozsa DARAZS POSITION,Rozsa DARAZS LAP TIME,Rozsa DARAZS ELAPSED TIME
2,15.141,15.141,4,15.428,15.428,3,15.180,15.180,1,14.598,14.598
2,10.962,26.103,4,11.218,26.646,3,11.004,26.183,1,11.282,25.879
2,11.091,37.193,4,11.399,38.045,3,11.055,37.238,1,11.072,36.951
2,11.148,48.340,4,11.714,49.758,3,11.209,48.446,1,11.245,48.195
2,11.238,59.577,4,12.004,1:01.762,3,11.291,59.737,1,11.222,59.416
1,10.433,1:10.010,4,12.257,1:14.018,2,10.449,1:10.185,3,11.065,1:10.480
1,10.095,1:20.105,4,12.559,1:26.577,2,10.165,1:20.350,3,10.969,1:21.449
1,10.484,1:30.589,4,13.099,1:39.675,2,10.488,1:30.837,3,11.533,1:32.981
2,10.87,1:41.459,4,13.58,1:53.247,1,10.55,1:41.379,3,12.24,1:45.213
