START_POS_1 POSITION,START_POS_1 LAP TIME,START_POS_1 ELAPSED TIME,START_POS_2 POSITION,START_POS_2 LAP TIME,START_POS_2 ELAPSED TIME,START_POS_3 POSITION,START_POS_3 LAP TIME,START_POS_3 ELAPSED TIME,START_POS_4 POSITION,START_POS_4 LAP TIME,START_POS_4 ELAPSED TIME,season,competition,event,gender,round,race
2,14.558,14.558,4,14.962,14.962,3,14.741,14.741,1,14.455,14.455,2002-2003,2003 World Cup 6 Canada,1000M,w,Heats,3
2,11.577,26.135,4,11.593,26.555,3,11.557,26.297,1,11.614,26.069,2002-2003,2003 World Cup 6 Canada,1000M,w,Heats,3
2,11.457,37.591,4,11.390,37.944,3,11.386,37.683,1,11.437,37.505,2002-2003,2003 World Cup 6 Canada,1000M,w,Heats,3
2,10.612,48.202,4,10.754,48.697,1,10.356,48.039,3,10.740,48.244,2002-2003,2003 World Cup 6 Canada,1000M,w,Heats,3
3,9.842,58.044,4,10.290,58.987,1,9.837,57.876,2,9.757,58.000,2002-2003,2003 World Cup 6 Canada,1000M,w,Heats,3
3,9.879,1:07.923,4,10.342,1:09.329,2,9.894,1:07.769,1,9.765,1:07.765,2002-2003,2003 World Cup 6 Canada,1000M,w,Heats,3
3,9.838,1:17.760,4,10.683,1:20.012,1,9.845,1:17.614,2,9.957,1:17.722,2002-2003,2003 World Cup 6 Canada,1000M,w,Heats,3
3,9.937,1:27.697,4,10.961,1:30.972,2,9.910,1:27.523,1,9.783,1:27.505,2002-2003,2003 World Cup 6 Canada,1000M,w,Heats,3
3,9.99,1:37.679,4,11.29,1:42.262,1,10.06,1:37.582,2,10.17,1:37.673,2002-2003,2003 World Cup 6 Canada,1000M,w,Heats,3
