NETHERLANDS POSITION,NETHERLANDS LAP TIME,NETHERLANDS ELAPSED TIME,CHINA POSITION,CHINA LAP TIME,CHINA ELAPSED TIME,RUSSIA POSITION,RUSSIA LAP TIME,RUSSIA ELAPSED TIME
2,12.106,12.106,1,11.743,11.743,3,12.331,12.331
3,9.344,21.450,1,9.322,21.064,2,9.100,21.431
2,9.331,30.780,1,9.365,30.429,3,9.430,30.860
2,8.985,39.765,1,8.906,39.335,3,9.183,40.042
3,9.394,49.158,1,9.442,48.777,2,8.806,48.847
2,9.180,58.337,1,8.955,57.731,3,9.570,58.416
3,9.487,1:07.824,1,9.288,1:07.019,2,8.847,1:07.263
3,9.183,1:17.006,1,9.029,1:16.048,2,9.102,1:16.365
3,8.858,1:25.864,1,9.248,1:25.295,2,9.359,1:25.723
3,9.280,1:35.144,1,9.209,1:34.503,2,8.947,1:34.669
3,9.224,1:44.367,1,9.074,1:43.577,2,9.201,1:43.870
3,9.150,1:53.516,1,9.236,1:52.812,2,9.418,1:53.287
3,9.476,2:02.992,1,9.225,2:02.036,2,9.093,2:02.380
3,8.916,2:11.908,1,9.355,2:11.391,2,9.366,2:11.745
3,8.937,2:20.844,1,9.178,2:20.569,2,8.927,2:20.671
3,9.162,2:30.005,1,8.898,2:29.466,2,9.162,2:29.833
3,9.193,2:39.197,1,9.296,2:38.762,2,9.165,2:38.997
2,8.987,2:48.184,1,8.950,2:47.711,3,9.214,2:48.211
3,9.331,2:57.515,1,9.174,2:56.885,2,9.205,2:57.416
3,8.963,3:06.477,1,9.159,3:06.043,2,9.053,3:06.468
3,9.104,3:15.580,1,9.271,3:15.314,2,9.015,3:15.482
3,9.295,3:24.875,1,9.100,3:24.414,2,9.104,3:24.586
3,9.260,3:34.134,1,9.220,3:33.633,2,9.253,3:33.839
3,9.193,3:43.327,1,9.077,3:42.710,2,9.253,3:43.091
3,9.792,3:53.118,1,9.116,3:51.825,2,9.118,3:52.209
3,8.928,4:02.046,1,9.142,4:00.967,2,9.104,4:01.312
3,9.120,4:11.166,1,9.368,4:10.335,2,9.023,4:10.335
3,9.620,4:20.786,1,9.139,4:19.474,2,9.791,4:20.126
3,9.378,4:30.163,1,9.581,4:29.054,2,9.355,4:29.481
3,15.146,4:45.308,1,8.765,4:37.819,2,8.796,4:38.277
3,10.768,4:56.075,1,9.371,4:47.189,2,9.129,4:47.406
3,10.222,5:06.297,1,9.363,4:56.552,2,9.407,4:56.812
3,9.913,5:16.210,1,9.290,5:05.842,2,9.090,5:05.901
3,9.702,5:25.911,1,9.141,5:14.982,2,9.785,5:15.686
3,9.763,5:35.673,1,9.299,5:24.281,2,9.364,5:25.050
3,9.455,5:45.128,1,9.056,5:33.337,2,9.488,5:34.538
3,9.620,5:54.747,1,9.511,5:42.848,2,9.203,5:43.741
3,9.930,6:04.677,1,9.578,5:52.426,2,8.982,5:52.722
3,9.788,6:14.465,1,9.227,6:01.653,2,9.318,6:02.039
3,11.797,6:26.261,1,9.202,6:10.854,2,9.298,6:11.337
3,12.805,6:39.066,1,9.617,6:20.471,2,9.750,6:21.086
3,11.425,6:50.490,1,9.666,6:30.136,2,9.594,6:30.680
3,10.640,7:01.130,1,8.730,6:38.865,2,8.967,6:39.646
3,10.926,7:12.056,1,10.013,6:48.878,2,9.646,6:49.292
3,10.74,7:22.795,1,10.07,6:58.944,2,9.72,6:59.008
