START_POS_1 POSITION,START_POS_1 LAP TIME,START_POS_1 ELAPSED TIME,START_POS_2 POSITION,START_POS_2 LAP TIME,START_POS_2 ELAPSED TIME,START_POS_3 POSITION,START_POS_3 LAP TIME,START_POS_3 ELAPSED TIME,START_POS_4 POSITION,START_POS_4 LAP TIME,START_POS_4 ELAPSED TIME,season,competition,event,gender,round,race
3,14.233,14.233,,,,2,14.151,14.151,1,14.023,14.023,2003-2004,"2004 World Cup 5, Czech Republic",1000M,w,QuarterFinals,1
4,10.543,24.776,2,,24.610,1,10.361,24.511,3,10.599,24.621,2003-2004,"2004 World Cup 5, Czech Republic",1000M,w,QuarterFinals,1
4,10.392,35.167,2,10.319,34.929,1,10.264,34.775,3,10.327,34.948,2003-2004,"2004 World Cup 5, Czech Republic",1000M,w,QuarterFinals,1
2,9.756,44.923,1,9.687,44.616,4,19.013,53.788,3,10.153,45.100,2003-2004,"2004 World Cup 5, Czech Republic",1000M,w,QuarterFinals,1
2,9.809,54.731,1,10.036,54.651,4,11.487,1:05.274,3,9.711,54.811,2003-2004,"2004 World Cup 5, Czech Republic",1000M,w,QuarterFinals,1
2,9.961,1:04.691,1,9.984,1:04.634,4,10.181,1:15.454,3,10.054,1:04.864,2003-2004,"2004 World Cup 5, Czech Republic",1000M,w,QuarterFinals,1
2,10.121,1:14.812,1,9.937,1:14.570,4,10.174,1:25.628,3,10.106,1:14.970,2003-2004,"2004 World Cup 5, Czech Republic",1000M,w,QuarterFinals,1
2,10.176,1:24.987,1,10.153,1:24.723,4,11.064,1:36.692,3,10.079,1:25.049,2003-2004,"2004 World Cup 5, Czech Republic",1000M,w,QuarterFinals,1
3,10.78,1:35.765,1,10.57,1:35.286,4,12.28,1:48.966,2,10.41,1:35.459,2003-2004,"2004 World Cup 5, Czech Republic",1000M,w,QuarterFinals,1
