START_POS_1 POSITION,START_POS_1 LAP TIME,START_POS_1 ELAPSED TIME,START_POS_2 POSITION,START_POS_2 LAP TIME,START_POS_2 ELAPSED TIME,START_POS_3 POSITION,START_POS_3 LAP TIME,START_POS_3 ELAPSED TIME,START_POS_4 POSITION,START_POS_4 LAP TIME,START_POS_4 ELAPSED TIME,season,competition,event,gender,round,race
1,17.234,17.234,3,17.348,17.348,,,,2,17.336,17.336,2003-2004,"2003 World Cup 4, China, Beijing",1000M,w,SemiFinals,2
2,11.115,28.348,1,10.931,28.279,,,,3,11.019,28.355,2003-2004,"2003 World Cup 4, China, Beijing",1000M,w,SemiFinals,2
2,9.796,38.144,1,9.810,38.088,,,,3,9.808,38.162,2003-2004,"2003 World Cup 4, China, Beijing",1000M,w,SemiFinals,2
3,9.736,47.880,1,9.650,47.737,,,,2,9.614,47.775,2003-2004,"2003 World Cup 4, China, Beijing",1000M,w,SemiFinals,2
4,10.001,57.881,2,9.971,57.708,1,,57.630,3,9.966,57.741,2003-2004,"2003 World Cup 4, China, Beijing",1000M,w,SemiFinals,2
3,10.004,1:07.884,1,9.919,1:07.627,4,10.365,1:07.994,2,10.102,1:07.842,2003-2004,"2003 World Cup 4, China, Beijing",1000M,w,SemiFinals,2
2,10.152,1:18.035,4,10.811,1:18.437,3,10.123,1:18.117,1,10.180,1:18.021,2003-2004,"2003 World Cup 4, China, Beijing",1000M,w,SemiFinals,2
2,10.099,1:28.134,1,9.427,1:27.864,4,10.073,1:28.190,3,10.140,1:28.160,2003-2004,"2003 World Cup 4, China, Beijing",1000M,w,SemiFinals,2
4,10.34,1:38.474,1,10.43,1:38.286,3,10.24,1:38.421,2,10.14,1:38.294,2003-2004,"2003 World Cup 4, China, Beijing",1000M,w,SemiFinals,2
