NETHERLANDS POSITION,NETHERLANDS LAP TIME,NETHERLANDS ELAPSED TIME,ITALY POSITION,ITALY LAP TIME,ITALY ELAPSED TIME,BULGARIA POSITION,BULGARIA LAP TIME,BULGARIA ELAPSED TIME
1,13.294,13.294,2,13.331,13.331,3,13.504,13.504
2,9.584,22.877,1,9.362,22.692,3,9.695,23.198
2,9.306,32.183,1,9.349,32.041,3,9.233,32.431
2,9.345,41.527,1,9.374,41.414,3,9.849,42.280
2,9.193,50.720,1,9.263,50.677,3,9.454,51.734
2,9.332,1:00.052,1,9.188,59.865,3,8.991,1:00.725
2,9.366,1:09.417,1,9.281,1:09.145,3,9.220,1:09.944
2,9.166,1:18.583,1,8.879,1:18.024,3,9.056,1:19.000
2,9.076,1:27.658,1,9.190,1:27.214,3,9.306,1:28.305
2,9.225,1:36.883,1,9.049,1:36.263,3,9.509,1:37.813
2,9.239,1:46.122,1,9.431,1:45.694,3,9.519,1:47.332
2,9.287,1:55.409,1,8.923,1:54.616,3,9.221,1:56.552
2,9.548,2:04.956,1,9.380,2:03.996,3,9.237,2:05.789
2,9.284,2:14.240,1,9.066,2:13.062,3,9.178,2:14.967
2,9.233,2:23.473,1,9.108,2:22.170,3,9.363,2:24.329
2,9.347,2:32.819,1,9.453,2:31.622,3,9.658,2:33.986
2,9.372,2:42.191,1,9.466,2:41.087,3,9.592,2:43.577
2,9.485,2:51.676,1,9.357,2:50.444,3,9.155,2:52.732
2,9.464,3:01.139,1,9.271,2:59.714,3,9.224,3:01.955
2,9.444,3:10.583,1,9.382,3:09.096,3,9.373,3:11.327
2,9.235,3:19.817,1,9.221,3:18.316,3,9.505,3:20.832
2,9.481,3:29.298,1,9.716,3:28.031,3,9.846,3:30.677
2,9.398,3:38.695,1,9.579,3:37.610,3,10.024,3:40.700
2,9.416,3:48.111,1,9.148,3:46.758,3,9.641,3:50.341
2,9.629,3:57.739,1,9.342,3:56.100,3,9.518,3:59.859
2,9.471,4:07.210,1,9.496,4:05.595,3,9.587,4:09.445
2,9.253,4:16.463,1,8.914,4:14.509,3,9.747,4:19.191
2,9.855,4:26.317,1,9.599,4:24.107,3,9.771,4:28.962
2,9.602,4:35.919,1,9.683,4:33.790,3,9.842,4:38.803
2,9.820,4:45.738,1,9.245,4:43.035,3,9.862,4:48.665
2,9.901,4:55.639,1,9.475,4:52.509,3,9.803,4:58.468
2,9.651,5:05.289,1,9.530,5:02.039,3,10.123,5:08.590
2,9.600,5:14.889,1,9.195,5:11.233,3,9.946,5:18.535
2,9.747,5:24.636,1,9.867,5:21.099,3,10.068,5:28.603
2,9.768,5:34.403,1,9.960,5:31.059,3,10.171,5:38.774
2,9.925,5:44.328,1,9.426,5:40.484,3,10.298,5:49.071
2,10.067,5:54.395,1,9.706,5:50.190,3,10.195,5:59.266
2,9.734,6:04.129,1,9.439,5:59.629,3,10.503,6:09.768
2,9.718,6:13.846,1,9.202,6:08.830,3,10.063,6:19.831
2,9.964,6:23.810,1,10.537,6:19.366,3,9.986,6:29.816
2,9.945,6:33.754,1,9.915,6:29.280,3,10.078,6:39.894
2,10.195,6:43.949,1,9.595,6:38.875,3,10.441,6:50.334
2,10.165,6:54.113,1,9.388,6:48.263,3,10.440,7:00.773
2,10.297,7:04.410,1,9.500,6:57.763,3,10.123,7:10.896
2,11.11,7:15.518,1,10.26,7:08.022,3,10.49,7:21.385
