Guillaume MATHIEU POSITION,Guillaume MATHIEU LAP TIME,Guillaume MATHIEU ELAPSED TIME,LEE Seung-Jae POSITION,LEE Seung-Jae LAP TIME,LEE Seung-Jae ELAPSED TIME,Wim de DEYNE POSITION,Wim de DEYNE LAP TIME,Wim de DEYNE ELAPSED TIME,Krystian ZDROJKOWSKI POSITION,Krystian ZDROJKOWSKI LAP TIME,Krystian ZDROJKOWSKI ELAPSED TIME
4,13.074,13.074,2,12.577,12.577,3,12.691,12.691,1,12.487,12.487
4,9.479,22.552,2,9.786,22.362,3,9.705,22.395,1,9.776,22.263
4,9.651,32.203,1,9.630,31.991,3,9.692,32.087,2,9.777,32.039
4,9.873,42.075,1,9.615,41.605,3,9.700,41.786,2,9.676,41.715
4,9.667,51.741,1,9.831,51.436,3,9.766,51.551,2,9.760,51.474
4,9.713,1:01.454,1,9.591,1:01.027,2,9.684,1:01.235,3,9.768,1:01.242
4,9.694,1:11.148,2,9.999,1:11.026,1,9.515,1:10.749,3,9.895,1:11.136
2,9.924,1:21.071,3,10.161,1:21.186,1,9.599,1:20.347,4,10.147,1:21.282
3,10.66,1:31.723,1,9.01,1:30.192,2,9.97,1:30.316,4,10.56,1:31.834
