START_POS_1 POSITION,START_POS_1 LAP TIME,START_POS_1 ELAPSED TIME,START_POS_2 POSITION,START_POS_2 LAP TIME,START_POS_2 ELAPSED TIME,START_POS_3 POSITION,START_POS_3 LAP TIME,START_POS_3 ELAPSED TIME,START_POS_4 POSITION,START_POS_4 LAP TIME,START_POS_4 ELAPSED TIME,START_POS_5 POSITION,START_POS_5 LAP TIME,START_POS_5 ELAPSED TIME,season,competition,event,gender,round,race
2,13.850,13.850,5,13.939,13.939,3,13.854,13.854,4,13.899,13.899,1,13.791,13.791,2003-2004,"2004 World Cup 6, Italy",1000M,m,Preliminaries,11
3,10.752,24.601,2,10.567,24.506,4,10.799,24.653,5,10.806,24.705,1,10.576,24.367,2003-2004,"2004 World Cup 6, Italy",1000M,m,Preliminaries,11
3,10.034,34.634,5,10.373,34.879,4,9.988,34.640,2,9.843,34.547,1,10.130,34.496,2003-2004,"2004 World Cup 6, Italy",1000M,m,Preliminaries,11
3,9.718,44.352,5,9.836,44.714,2,9.698,44.338,4,9.891,44.438,1,9.682,44.178,2003-2004,"2004 World Cup 6, Italy",1000M,m,Preliminaries,11
3,9.488,53.840,5,9.387,54.101,4,9.561,53.898,2,9.338,53.776,1,9.460,53.637,2003-2004,"2004 World Cup 6, Italy",1000M,m,Preliminaries,11
3,9.320,1:03.159,2,9.030,1:03.130,4,9.356,1:03.254,5,9.541,1:03.317,1,9.356,1:02.992,2003-2004,"2004 World Cup 6, Italy",1000M,m,Preliminaries,11
2,9.320,1:12.479,3,9.494,1:12.623,5,9.889,1:13.143,4,9.481,1:12.797,1,9.329,1:12.321,2003-2004,"2004 World Cup 6, Italy",1000M,m,Preliminaries,11
4,9.698,1:22.177,3,9.466,1:22.089,5,9.969,1:23.112,1,9.058,1:21.855,2,9.672,1:21.993,2003-2004,"2004 World Cup 6, Italy",1000M,m,Preliminaries,11
3,9.81,1:31.982,2,9.76,1:31.843,5,10.40,1:33.511,4,10.18,1:32.030,1,9.69,1:31.679,2003-2004,"2004 World Cup 6, Italy",1000M,m,Preliminaries,11
