CHOI Eun-Kyung POSITION,CHOI Eun-Kyung LAP TIME,CHOI Eun-Kyung ELAPSED TIME,Amanda OVERLAND POSITION,Amanda OVERLAND LAP TIME,Amanda OVERLAND ELAPSED TIME,CHENG Xiao Lei POSITION,CHENG Xiao Lei LAP TIME,CHENG Xiao Lei ELAPSED TIME,Mika OZAWA POSITION,Mika OZAWA LAP TIME,Mika OZAWA ELAPSED TIME
4,15.078,15.078,1,14.514,14.514,3,14.714,14.714,2,14.698,14.698
3,10.607,25.685,4,11.334,25.848,2,10.767,25.480,1,10.616,25.314
4,10.497,36.182,1,9.762,35.609,3,10.400,35.880,2,10.441,35.755
2,9.884,46.065,1,10.373,45.982,3,10.194,46.074,4,10.378,46.133
2,9.340,55.405,1,9.363,55.344,4,9.592,55.666,3,9.505,55.637
1,9.776,1:05.181,2,9.839,1:05.183,4,9.613,1:05.279,3,9.606,1:05.242
3,9.857,1:15.037,1,9.632,1:14.815,4,9.857,1:15.135,2,9.787,1:15.029
2,9.721,1:24.758,1,9.937,1:24.752,3,9.698,1:24.833,4,9.834,1:24.862
1,9.79,1:34.546,2,9.90,1:34.648,3,9.89,1:34.718,4,10.30,1:35.162
