START_POS_1 POSITION,START_POS_1 LAP TIME,START_POS_1 ELAPSED TIME,START_POS_2 POSITION,START_POS_2 LAP TIME,START_POS_2 ELAPSED TIME,START_POS_3 POSITION,START_POS_3 LAP TIME,START_POS_3 ELAPSED TIME,START_POS_4 POSITION,START_POS_4 LAP TIME,START_POS_4 ELAPSED TIME,season,competition,event,gender,round,race
2,13.906,13.906,1,13.801,13.801,4,14.013,14.013,3,14.005,14.005,2004-2005,"2004 World Cup 3, USA",1000M,m,Preliminaries,1
2,10.679,24.585,3,10.966,24.767,1,10.439,24.452,4,10.897,24.901,2004-2005,"2004 World Cup 3, USA",1000M,m,Preliminaries,1
1,10.174,34.758,2,10.106,34.872,4,10.719,35.170,3,10.035,34.935,2004-2005,"2004 World Cup 3, USA",1000M,m,Preliminaries,1
3,9.613,44.371,2,9.472,44.343,4,9.539,44.709,1,9.369,44.303,2004-2005,"2004 World Cup 3, USA",1000M,m,Preliminaries,1
3,9.785,54.155,1,9.708,54.051,4,9.552,54.261,2,9.819,54.122,2004-2005,"2004 World Cup 3, USA",1000M,m,Preliminaries,1
1,9.632,1:03.787,2,9.817,1:03.868,4,9.792,1:04.052,3,9.816,1:03.938,2004-2005,"2004 World Cup 3, USA",1000M,m,Preliminaries,1
1,9.420,1:13.207,2,9.380,1:13.247,4,9.363,1:13.414,3,9.425,1:13.362,2004-2005,"2004 World Cup 3, USA",1000M,m,Preliminaries,1
2,9.367,1:22.574,1,9.128,1:22.375,,,,3,9.381,1:22.743,2004-2005,"2004 World Cup 3, USA",1000M,m,Preliminaries,1
2,9.57,1:32.140,1,9.69,1:32.061,3,,1:32.436,4,9.88,1:32.623,2004-2005,"2004 World Cup 3, USA",1000M,m,Preliminaries,1
