START_POS_1 POSITION,START_POS_1 LAP TIME,START_POS_1 ELAPSED TIME,START_POS_2 POSITION,START_POS_2 LAP TIME,START_POS_2 ELAPSED TIME,START_POS_3 POSITION,START_POS_3 LAP TIME,START_POS_3 ELAPSED TIME,START_POS_4 POSITION,START_POS_4 LAP TIME,START_POS_4 ELAPSED TIME,START_POS_5 POSITION,START_POS_5 LAP TIME,START_POS_5 ELAPSED TIME,season,competition,event,gender,round,race
1,12.957,12.957,3,13.285,13.285,,,,2,13.240,13.240,4,13.661,13.661,2004-2005,"2005 World Juniors, Serbia and Montenegro",1000M,m,Heats,7
1,10.656,23.613,2,10.401,23.686,,,,3,10.454,23.694,4,10.327,23.988,2004-2005,"2005 World Juniors, Serbia and Montenegro",1000M,m,Heats,7
1,10.176,33.788,3,10.513,34.198,,,,2,10.370,34.064,4,10.279,34.267,2004-2005,"2005 World Juniors, Serbia and Montenegro",1000M,m,Heats,7
1,10.014,43.801,2,9.728,43.925,,,,3,9.993,44.056,4,10.127,44.394,2004-2005,"2005 World Juniors, Serbia and Montenegro",1000M,m,Heats,7
1,9.865,53.665,3,10.116,54.040,,,,2,9.929,53.985,4,9.692,54.085,2004-2005,"2005 World Juniors, Serbia and Montenegro",1000M,m,Heats,7
3,10.166,1:03.830,2,9.661,1:03.701,,,,4,10.086,1:04.071,1,9.094,1:03.179,2004-2005,"2005 World Juniors, Serbia and Montenegro",1000M,m,Heats,7
3,10.222,1:14.052,2,10.021,1:13.722,,,,4,10.140,1:14.210,1,9.555,1:12.734,2004-2005,"2005 World Juniors, Serbia and Montenegro",1000M,m,Heats,7
2,10.109,1:24.161,1,10.226,1:23.947,,,,3,10.650,1:24.860,,,,2004-2005,"2005 World Juniors, Serbia and Montenegro",1000M,m,Heats,7
3,10.70,1:34.852,2,10.54,1:34.479,0,,DQ,4,12.43,1:37.290,1,,1:33.670,2004-2005,"2005 World Juniors, Serbia and Montenegro",1000M,m,Heats,7
