Apolo Anton OHNO POSITION,Apolo Anton OHNO LAP TIME,Apolo Anton OHNO ELAPSED TIME,Haralds SILOVS POSITION,Haralds SILOVS LAP TIME,Haralds SILOVS ELAPSED TIME,YEO Jun-Hyung POSITION,YEO Jun-Hyung LAP TIME,YEO Jun-Hyung ELAPSED TIME,Mathieu TURCOTTE POSITION,Mathieu TURCOTTE LAP TIME,Mathieu TURCOTTE ELAPSED TIME
1,13.363,13.363,3,13.545,13.545,4,13.702,13.702,2,13.517,13.517
1,9.926,23.288,4,10.071,23.616,3,9.907,23.609,2,9.834,23.351
1,9.520,32.808,4,9.565,33.181,2,9.216,32.824,3,9.710,33.060
2,9.669,42.477,4,9.417,42.597,1,9.547,42.370,3,9.530,42.590
2,9.259,51.735,3,9.205,51.801,4,9.639,52.008,1,9.138,51.727
2,9.607,1:01.342,3,9.579,1:01.380,4,9.435,1:01.443,1,9.441,1:01.168
4,9.310,1:10.652,3,9.267,1:10.647,2,9.195,1:10.638,1,9.251,1:10.418
2,8.965,1:19.616,3,9.040,1:19.686,4,9.071,1:19.708,1,9.055,1:19.473
2,9.13,1:28.741,4,9.33,1:29.017,3,9.17,1:28.871,1,9.20,1:28.668
