START_POS_1 POSITION,START_POS_1 LAP TIME,START_POS_1 ELAPSED TIME,START_POS_2 POSITION,START_POS_2 LAP TIME,START_POS_2 ELAPSED TIME,START_POS_3 POSITION,START_POS_3 LAP TIME,START_POS_3 ELAPSED TIME,season,competition,event,gender,round,race
,,,1,15.858,15.858,2,16.190,16.190,2004-2005,"2005 World Championships, China",1000M,w,Preliminaries,1
3,,30.699,1,12.424,28.281,2,12.213,28.402,2004-2005,"2005 World Championships, China",1000M,w,Preliminaries,1
3,9.385,40.083,1,11.500,39.781,2,11.555,39.957,2004-2005,"2005 World Championships, China",1000M,w,Preliminaries,1
3,11.084,51.167,2,11.205,50.985,1,10.587,50.543,2004-2005,"2005 World Championships, China",1000M,w,Preliminaries,1
3,11.030,1:02.196,2,10.920,1:01.905,1,11.260,1:01.803,2004-2005,"2005 World Championships, China",1000M,w,Preliminaries,1
3,11.005,1:13.200,2,11.199,1:13.103,1,11.019,1:12.822,2004-2005,"2005 World Championships, China",1000M,w,Preliminaries,1
2,10.268,1:23.468,1,10.143,1:23.245,3,11.084,1:23.905,2004-2005,"2005 World Championships, China",1000M,w,Preliminaries,1
1,10.194,1:33.662,2,10.472,1:33.717,3,11.023,1:34.928,2004-2005,"2005 World Championships, China",1000M,w,Preliminaries,1
1,10.15,1:43.805,2,10.32,1:44.029,3,11.65,1:46.578,2004-2005,"2005 World Championships, China",1000M,w,Preliminaries,1
