START_POS_1 POSITION,START_POS_1 LAP TIME,START_POS_1 ELAPSED TIME,START_POS_2 POSITION,START_POS_2 LAP TIME,START_POS_2 ELAPSED TIME,START_POS_3 POSITION,START_POS_3 LAP TIME,START_POS_3 ELAPSED TIME,START_POS_4 POSITION,START_POS_4 LAP TIME,START_POS_4 ELAPSED TIME,season,competition,event,gender,round,race
2,13.869,13.869,1,13.633,13.633,3,14.221,14.221,4,14.290,14.290,2004-2005,"2005 World Cup 5, Hungary",1000M,w,Preliminaries,2
2,10.647,24.516,1,10.760,24.393,4,10.567,24.788,3,10.493,24.783,2004-2005,"2005 World Cup 5, Hungary",1000M,w,Preliminaries,2
2,10.298,34.814,1,10.330,34.723,4,10.434,35.221,3,10.425,35.207,2004-2005,"2005 World Cup 5, Hungary",1000M,w,Preliminaries,2
2,10.454,45.267,1,10.461,45.183,3,10.378,45.599,4,10.456,45.663,2004-2005,"2005 World Cup 5, Hungary",1000M,w,Preliminaries,2
2,10.535,55.802,1,10.478,55.661,4,11.721,57.320,3,10.357,56.020,2004-2005,"2005 World Cup 5, Hungary",1000M,w,Preliminaries,2
2,10.615,1:06.417,1,10.613,1:06.273,4,9.405,1:06.725,3,10.575,1:06.594,2004-2005,"2005 World Cup 5, Hungary",1000M,w,Preliminaries,2
1,10.688,1:17.104,2,10.938,1:17.211,4,10.634,1:17.358,3,10.732,1:17.325,2004-2005,"2005 World Cup 5, Hungary",1000M,w,Preliminaries,2
2,10.108,1:27.211,4,11.233,1:28.443,1,9.709,1:27.067,3,10.671,1:27.996,2004-2005,"2005 World Cup 5, Hungary",1000M,w,Preliminaries,2
2,10.62,1:37.830,4,12.29,1:40.733,1,10.19,1:37.250,3,11.10,1:39.092,2004-2005,"2005 World Cup 5, Hungary",1000M,w,Preliminaries,2
