START_POS_1 POSITION,START_POS_1 LAP TIME,START_POS_1 ELAPSED TIME,START_POS_2 POSITION,START_POS_2 LAP TIME,START_POS_2 ELAPSED TIME,START_POS_3 POSITION,START_POS_3 LAP TIME,START_POS_3 ELAPSED TIME,START_POS_4 POSITION,START_POS_4 LAP TIME,START_POS_4 ELAPSED TIME,season,competition,event,gender,round,race
3,14.139,14.139,2,14.041,14.041,4,14.185,14.185,1,13.833,13.833,2004-2005,"2005 World Juniors, Serbia and Montenegro",1000M,m,Preliminaries,19
2,10.535,24.674,3,10.747,24.788,4,10.713,24.898,1,10.789,24.622,2004-2005,"2005 World Juniors, Serbia and Montenegro",1000M,m,Preliminaries,19
1,10.874,35.547,4,11.322,36.110,3,10.906,35.803,2,10.979,35.600,2004-2005,"2005 World Juniors, Serbia and Montenegro",1000M,m,Preliminaries,19
1,10.946,46.492,4,10.974,47.083,3,11.082,46.885,2,11.159,46.759,2004-2005,"2005 World Juniors, Serbia and Montenegro",1000M,m,Preliminaries,19
1,10.638,57.130,4,10.569,57.652,3,10.632,57.516,2,10.703,57.462,2004-2005,"2005 World Juniors, Serbia and Montenegro",1000M,m,Preliminaries,19
2,10.320,1:07.449,3,9.896,1:07.548,4,10.280,1:07.796,1,9.699,1:07.160,2004-2005,"2005 World Juniors, Serbia and Montenegro",1000M,m,Preliminaries,19
,,,2,10.041,1:17.588,3,10.427,1:18.223,1,10.035,1:17.195,2004-2005,"2005 World Juniors, Serbia and Montenegro",1000M,m,Preliminaries,19
1,,1:27.509,3,10.295,1:27.883,4,11.155,1:29.377,2,10.404,1:27.598,2004-2005,"2005 World Juniors, Serbia and Montenegro",1000M,m,Preliminaries,19
1,10.43,1:37.936,3,11.31,1:39.187,4,11.84,1:41.216,2,10.67,1:38.267,2004-2005,"2005 World Juniors, Serbia and Montenegro",1000M,m,Preliminaries,19
