START_POS_1 POSITION,START_POS_1 LAP TIME,START_POS_1 ELAPSED TIME,START_POS_2 POSITION,START_POS_2 LAP TIME,START_POS_2 ELAPSED TIME,START_POS_3 POSITION,START_POS_3 LAP TIME,START_POS_3 ELAPSED TIME,START_POS_4 POSITION,START_POS_4 LAP TIME,START_POS_4 ELAPSED TIME,season,competition,event,gender,round,race
1,15.171,15.171,,,,3,15.594,15.594,2,15.374,15.374,2004-2005,"2004 World Cup 3, USA",1000M,w,Heats,8
2,11.824,26.994,,,,3,11.447,27.041,1,11.156,26.530,2004-2005,"2004 World Cup 3, USA",1000M,w,Heats,8
2,10.576,37.569,,,,3,10.619,37.659,1,10.663,37.193,2004-2005,"2004 World Cup 3, USA",1000M,w,Heats,8
3,10.067,47.635,,,,1,9.612,47.271,2,10.186,47.379,2004-2005,"2004 World Cup 3, USA",1000M,w,Heats,8
2,9.739,57.374,,,,1,9.955,57.226,3,9.995,57.374,2004-2005,"2004 World Cup 3, USA",1000M,w,Heats,8
2,9.865,1:07.239,,,,1,9.933,1:07.158,3,9.867,1:07.240,2004-2005,"2004 World Cup 3, USA",1000M,w,Heats,8
2,9.878,1:17.116,,,,3,10.122,1:17.280,1,9.715,1:16.955,2004-2005,"2004 World Cup 3, USA",1000M,w,Heats,8
3,10.055,1:27.171,,,,2,9.826,1:27.105,1,9.949,1:26.904,2004-2005,"2004 World Cup 3, USA",1000M,w,Heats,8
2,10.52,1:37.690,0,,DQ,1,10.11,1:37.209,3,11.07,1:37.968,2004-2005,"2004 World Cup 3, USA",1000M,w,Heats,8
