Nicola RODIGARI POSITION,Nicola RODIGARI LAP TIME,Nicola RODIGARI ELAPSED TIME,Krystian ZDROJKOWSKI POSITION,Krystian ZDROJKOWSKI LAP TIME,Krystian ZDROJKOWSKI ELAPSED TIME,Francois-Louis TREMBLAY POSITION,Francois-Louis TREMBLAY LAP TIME,Francois-Louis TREMBLAY ELAPSED TIME,Nikolay STANCHEV POSITION,Nikolay STANCHEV LAP TIME,Nikolay STANCHEV ELAPSED TIME
3,14.032,14.032,4,14.168,14.168,1,13.854,13.854,2,14.030,14.030
2,11.101,25.132,4,11.233,25.400,1,11.166,25.020,3,11.225,25.254
4,10.878,36.010,2,10.545,35.945,1,10.907,35.927,3,10.713,35.967
3,10.314,46.323,1,10.221,46.166,2,10.321,46.247,4,10.518,46.484
1,9.121,55.444,3,9.315,55.481,4,9.275,55.522,2,8.979,55.463
1,8.939,1:04.383,3,8.996,1:04.476,2,8.882,1:04.403,4,9.259,1:04.722
1,9.002,1:13.384,3,9.139,1:13.615,2,9.027,1:13.430,4,9.071,1:13.792
2,8.876,1:22.260,4,9.249,1:22.864,3,8.927,1:22.357,1,8.419,1:22.211
2,9.25,1:31.501,3,9.14,1:32.003,1,9.10,1:31.457,4,10.91,1:33.117
