START_POS_1 POSITION,START_POS_1 LAP TIME,START_POS_1 ELAPSED TIME,START_POS_2 POSITION,START_POS_2 LAP TIME,START_POS_2 ELAPSED TIME,START_POS_3 POSITION,START_POS_3 LAP TIME,START_POS_3 ELAPSED TIME,START_POS_4 POSITION,START_POS_4 LAP TIME,START_POS_4 ELAPSED TIME,season,competition,event,gender,round,race
3,14.654,14.654,4,14.683,14.683,2,14.451,14.451,1,14.291,14.291,2005-2006,"2005 World Cup 4, Netherlands",1000M,m,SemiFinals,1
3,10.650,25.303,4,10.677,25.359,2,10.748,25.198,1,10.895,25.185,2005-2006,"2005 World Cup 4, Netherlands",1000M,m,SemiFinals,1
2,9.508,34.811,4,9.581,34.940,3,9.663,34.861,1,9.528,34.713,2005-2006,"2005 World Cup 4, Netherlands",1000M,m,SemiFinals,1
1,9.669,44.479,4,9.753,44.692,2,9.731,44.592,3,9.901,44.614,2005-2006,"2005 World Cup 4, Netherlands",1000M,m,SemiFinals,1
2,9.709,54.187,3,9.547,54.239,1,9.534,54.126,4,9.667,54.281,2005-2006,"2005 World Cup 4, Netherlands",1000M,m,SemiFinals,1
1,9.441,1:03.628,3,9.416,1:03.654,2,9.509,1:03.634,4,9.435,1:03.715,2005-2006,"2005 World Cup 4, Netherlands",1000M,m,SemiFinals,1
1,9.309,1:12.936,2,9.421,1:13.075,3,9.508,1:13.142,4,9.485,1:13.200,2005-2006,"2005 World Cup 4, Netherlands",1000M,m,SemiFinals,1
1,9.336,1:22.272,2,9.211,1:22.285,4,9.372,1:22.513,3,9.309,1:22.508,2005-2006,"2005 World Cup 4, Netherlands",1000M,m,SemiFinals,1
2,9.34,1:31.612,1,9.23,1:31.509,4,9.37,1:31.882,3,9.18,1:31.680,2005-2006,"2005 World Cup 4, Netherlands",1000M,m,SemiFinals,1
