UNITED STATES POSITION,UNITED STATES LAP TIME,UNITED STATES ELAPSED TIME,JAPAN POSITION,JAPAN LAP TIME,JAPAN ELAPSED TIME,ITALY POSITION,ITALY LAP TIME,ITALY ELAPSED TIME,RUSSIA POSITION,RUSSIA LAP TIME,RUSSIA ELAPSED TIME
1,11.989,11.989,2,12.119,12.119,4,12.240,12.240,3,12.162,12.162
1,9.407,21.396,3,9.480,21.599,4,9.362,21.601,2,9.389,21.550
3,9.747,31.143,1,9.389,30.987,2,9.499,31.100,4,10.276,31.825
1,9.231,40.374,3,9.589,40.576,4,9.532,40.632,2,8.678,40.503
2,9.362,49.735,3,9.253,49.828,4,9.263,49.895,1,9.174,49.676
2,9.343,59.078,1,9.168,58.995,4,9.326,59.220,3,9.462,59.138
2,9.534,1:08.612,3,9.700,1:08.695,4,9.655,1:08.875,1,9.186,1:08.323
3,9.662,1:18.274,2,9.547,1:18.242,4,9.436,1:18.310,1,9.678,1:18.001
4,9.490,1:27.763,1,9.375,1:27.616,2,9.308,1:27.618,3,9.676,1:27.676
1,9.168,1:36.931,2,9.421,1:37.036,4,9.502,1:37.120,3,9.413,1:37.089
1,9.294,1:46.224,2,9.249,1:46.285,3,9.218,1:46.338,4,9.370,1:46.459
2,9.238,1:55.462,1,8.939,1:55.224,4,9.476,1:55.814,3,9.300,1:55.758
1,9.395,2:04.857,3,9.729,2:04.953,2,9.108,2:04.921,4,9.295,2:05.052
1,9.391,2:14.248,3,9.414,2:14.366,2,9.349,2:14.270,4,10.419,2:15.471
1,9.209,2:23.456,2,9.186,2:23.552,4,9.410,2:23.679,3,8.200,2:23.670
1,9.059,2:32.514,4,9.375,2:32.926,2,8.936,2:32.615,3,9.094,2:32.764
1,9.156,2:41.669,4,9.166,2:42.092,2,9.103,2:41.717,3,9.309,2:42.072
2,9.105,2:50.774,4,8.913,2:51.005,1,8.951,2:50.668,3,8.731,2:50.803
3,9.078,2:59.852,4,8.988,2:59.992,2,9.162,2:59.829,1,9.018,2:59.820
3,9.184,3:09.036,4,9.317,3:09.309,2,9.195,3:09.023,1,9.109,3:08.929
3,9.139,3:18.174,4,8.866,3:18.175,2,9.131,3:18.154,1,9.087,3:18.016
1,9.232,3:27.405,4,9.408,3:27.582,3,9.368,3:27.521,2,9.447,3:27.462
2,9.181,3:36.586,4,9.128,3:36.710,1,8.976,3:36.497,3,9.152,3:36.613
2,9.245,3:45.830,4,9.200,3:45.910,1,9.239,3:45.735,3,9.245,3:45.858
4,9.557,3:55.386,2,9.380,3:55.290,1,9.417,3:55.151,3,9.505,3:55.363
2,8.886,4:04.271,4,9.310,4:04.600,1,8.911,4:04.062,3,9.140,4:04.502
2,8.964,4:13.234,3,8.664,4:13.263,1,9.142,4:13.204,4,9.205,4:13.706
3,9.087,4:22.320,2,9.049,4:22.311,1,8.942,4:22.145,4,9.465,4:23.170
2,9.086,4:31.406,4,9.658,4:31.968,1,9.033,4:31.178,3,8.419,4:31.589
2,8.905,4:40.311,3,9.063,4:41.031,1,8.861,4:40.039,4,12.145,4:43.734
2,9.104,4:49.414,3,9.014,4:50.045,1,9.088,4:49.126,4,9.112,4:52.845
2,9.029,4:58.443,3,9.042,4:59.087,1,9.010,4:58.135,4,9.860,5:02.705
2,8.982,5:07.424,3,9.437,5:08.524,1,8.972,5:07.107,4,9.562,5:12.267
2,8.939,5:16.363,3,9.305,5:17.828,1,9.085,5:16.191,4,9.529,5:21.796
2,9.414,5:25.777,3,9.334,5:27.161,1,9.342,5:25.532,4,9.517,5:31.312
2,9.165,5:34.941,3,9.486,5:36.646,1,9.162,5:34.694,4,10.017,5:41.328
2,9.201,5:44.142,3,9.330,5:45.976,1,9.223,5:43.917,4,9.376,5:50.703
2,9.240,5:53.382,3,9.207,5:55.182,1,9.186,5:53.103,4,9.539,6:00.242
2,9.047,6:02.429,3,9.397,6:04.579,1,9.188,6:02.290,4,9.503,6:09.744
2,9.442,6:11.870,3,9.824,6:14.403,1,9.411,6:11.701,4,10.560,6:20.303
2,9.687,6:21.556,3,9.447,6:23.849,1,9.590,6:21.291,4,9.141,6:29.444
2,9.393,6:30.949,3,9.699,6:33.547,1,9.539,6:30.829,4,9.832,6:39.276
1,9.019,6:39.968,3,9.601,6:43.148,2,9.213,6:40.042,4,9.450,6:48.725
2,9.563,6:49.530,3,9.483,6:52.630,1,9.175,6:49.217,4,9.861,6:58.586
1,9.25,6:58.777,3,9.99,7:02.617,2,9.84,6:59.057,4,9.88,7:08.466
