LI Jiajun POSITION,LI Jiajun LAP TIME,LI Jiajun ELAPSED TIME,AHN Hyun-Soo POSITION,AHN Hyun-Soo LAP TIME,AHN Hyun-Soo ELAPSED TIME,Apolo Anton OHNO POSITION,Apolo Anton OHNO LAP TIME,Apolo Anton OHNO ELAPSED TIME,Eric BEDARD POSITION,Eric BEDARD LAP TIME,Eric BEDARD ELAPSED TIME
4,13.781,13.781,3,13.557,13.557,2,13.340,13.340,1,13.292,13.292
4,9.684,23.464,3,9.813,23.369,1,9.795,23.135,2,9.992,23.284
4,10.000,33.464,3,9.937,33.306,1,9.966,33.101,2,9.901,33.184
4,9.178,42.641,2,9.295,42.601,1,9.391,42.492,3,9.441,42.625
3,9.501,52.142,2,9.486,52.087,1,9.366,51.857,4,9.545,52.169
3,9.262,1:01.404,2,9.276,1:01.363,1,9.277,1:01.133,4,9.289,1:01.457
3,8.993,1:10.397,2,8.899,1:10.261,1,8.991,1:10.123,4,8.968,1:10.425
4,8.858,1:19.254,1,8.753,1:19.014,2,8.903,1:19.026,3,8.800,1:19.224
4,9.93,1:29.183,1,8.90,1:27.909,2,9.06,1:28.080,3,9.50,1:28.725
