START_POS_1 POSITION,START_POS_1 LAP TIME,START_POS_1 ELAPSED TIME,START_POS_2 POSITION,START_POS_2 LAP TIME,START_POS_2 ELAPSED TIME,START_POS_3 POSITION,START_POS_3 LAP TIME,START_POS_3 ELAPSED TIME,START_POS_4 POSITION,START_POS_4 LAP TIME,START_POS_4 ELAPSED TIME,season,competition,event,gender,round,race
3,13.773,13.773,2,13.520,13.520,,,,1,13.324,13.324,2005-2006,"2005 World Cup 3, Italy",1000M,m,Preliminaries,2
2,10.207,23.979,1,10.177,23.696,,,,3,10.678,24.001,2005-2006,"2005 World Cup 3, Italy",1000M,m,Preliminaries,2
3,10.019,33.998,1,9.849,33.545,,,,2,9.894,33.895,2005-2006,"2005 World Cup 3, Italy",1000M,m,Preliminaries,2
2,9.396,43.393,1,9.621,43.165,,,,3,9.646,43.541,2005-2006,"2005 World Cup 3, Italy",1000M,m,Preliminaries,2
3,9.608,53.001,1,9.677,52.842,,,,2,9.456,52.997,2005-2006,"2005 World Cup 3, Italy",1000M,m,Preliminaries,2
2,9.506,1:02.507,1,9.579,1:02.421,,,,3,9.666,1:02.662,2005-2006,"2005 World Cup 3, Italy",1000M,m,Preliminaries,2
2,9.516,1:12.022,1,9.251,1:11.671,,,,3,9.388,1:12.050,2005-2006,"2005 World Cup 3, Italy",1000M,m,Preliminaries,2
3,9.727,1:21.748,1,9.335,1:21.005,,,,2,9.452,1:21.502,2005-2006,"2005 World Cup 3, Italy",1000M,m,Preliminaries,2
3,10.11,1:31.855,1,9.29,1:30.291,0,,DQ,2,9.60,1:31.102,2005-2006,"2005 World Cup 3, Italy",1000M,m,Preliminaries,2
