Yulyia YELSAKOVA POSITION,Yulyia YELSAKOVA LAP TIME,Yulyia YELSAKOVA ELAPSED TIME,Daniela IVANOVA POSITION,Daniela IVANOVA LAP TIME,Daniela IVANOVA ELAPSED TIME,Viktorija DERGACA POSITION,Viktorija DERGACA LAP TIME,Viktorija DERGACA ELAPSED TIME,Arianna FONTANA POSITION,Arianna FONTANA LAP TIME,Arianna FONTANA ELAPSED TIME
1,16.408,16.408,2,16.424,16.424,4,16.725,16.725,3,16.638,16.638
1,13.174,29.582,2,13.172,29.596,4,13.338,30.063,3,13.218,29.856
1,12.896,42.478,2,12.908,42.503,4,12.796,42.859,3,12.849,42.704
2,12.316,54.794,1,12.219,54.722,4,12.418,55.276,3,12.355,55.059
1,10.181,1:04.974,2,10.317,1:05.038,4,10.199,1:05.475,3,10.144,1:05.202
1,9.988,1:14.961,2,9.935,1:14.973,4,9.769,1:15.244,3,9.902,1:15.104
2,10.213,1:25.173,1,10.097,1:25.070,4,10.042,1:25.285,3,10.142,1:25.246
3,10.369,1:35.542,1,10.120,1:35.190,4,10.418,1:35.703,2,10.136,1:35.382
3,10.50,1:46.042,2,10.56,1:45.747,4,10.72,1:46.421,1,9.94,1:45.320
