START_POS_1 POSITION,START_POS_1 LAP TIME,START_POS_1 ELAPSED TIME,START_POS_2 POSITION,START_POS_2 LAP TIME,START_POS_2 ELAPSED TIME,START_POS_3 POSITION,START_POS_3 LAP TIME,START_POS_3 ELAPSED TIME,season,competition,event,gender,round,race
3,19.510,19.510,1,19.100,19.100,2,19.411,19.411,2005-2006,"2005 World Cup 4, Netherlands",1000M,m,Preliminaries,10
3,14.494,34.003,1,14.601,33.700,2,14.345,33.756,2005-2006,"2005 World Cup 4, Netherlands",1000M,m,Preliminaries,10
3,12.628,46.631,1,12.677,46.377,2,12.733,46.488,2005-2006,"2005 World Cup 4, Netherlands",1000M,m,Preliminaries,10
3,10.821,57.451,1,10.809,57.185,2,10.860,57.347,2005-2006,"2005 World Cup 4, Netherlands",1000M,m,Preliminaries,10
3,10.380,1:07.831,1,10.492,1:07.677,2,10.384,1:07.731,2005-2006,"2005 World Cup 4, Netherlands",1000M,m,Preliminaries,10
3,9.832,1:17.662,1,9.824,1:17.500,2,9.775,1:17.505,2005-2006,"2005 World Cup 4, Netherlands",1000M,m,Preliminaries,10
3,9.238,1:26.900,2,9.242,1:26.742,1,9.171,1:26.675,2005-2006,"2005 World Cup 4, Netherlands",1000M,m,Preliminaries,10
2,9.021,1:35.920,1,9.106,1:35.848,3,9.365,1:36.040,2005-2006,"2005 World Cup 4, Netherlands",1000M,m,Preliminaries,10
1,9.28,1:45.191,2,9.43,1:45.274,3,9.75,1:45.790,2005-2006,"2005 World Cup 4, Netherlands",1000M,m,Preliminaries,10
