START_POS_1 POSITION,START_POS_1 LAP TIME,START_POS_1 ELAPSED TIME,START_POS_2 POSITION,START_POS_2 LAP TIME,START_POS_2 ELAPSED TIME,START_POS_3 POSITION,START_POS_3 LAP TIME,START_POS_3 ELAPSED TIME,START_POS_4 POSITION,START_POS_4 LAP TIME,START_POS_4 ELAPSED TIME,season,competition,event,gender,round,race
,,,1,15.610,15.610,3,16.184,16.184,2,15.934,15.934,2005-2006,"2006 World Junior Championships, Romania",1000M,w,Heats,7
2,,28.010,1,12.389,27.998,4,12.315,28.498,3,12.087,28.020,2005-2006,"2006 World Junior Championships, Romania",1000M,w,Heats,7
2,11.383,39.393,1,11.331,39.329,4,11.348,39.846,3,11.550,39.570,2005-2006,"2006 World Junior Championships, Romania",1000M,w,Heats,7
2,10.712,50.104,1,10.706,50.035,4,10.719,50.564,3,10.645,50.215,2005-2006,"2006 World Junior Championships, Romania",1000M,w,Heats,7
2,10.513,1:00.616,1,10.578,1:00.612,4,10.309,1:00.873,3,10.469,1:00.683,2005-2006,"2006 World Junior Championships, Romania",1000M,w,Heats,7
3,10.344,1:10.960,2,10.203,1:10.815,4,10.516,1:11.389,1,10.103,1:10.785,2005-2006,"2006 World Junior Championships, Romania",1000M,w,Heats,7
3,10.413,1:21.373,2,10.491,1:21.305,4,10.536,1:21.924,1,10.148,1:20.933,2005-2006,"2006 World Junior Championships, Romania",1000M,w,Heats,7
2,10.434,1:31.806,3,10.774,1:32.079,4,10.539,1:32.462,1,10.737,1:31.669,2005-2006,"2006 World Junior Championships, Romania",1000M,w,Heats,7
2,10.39,1:42.188,3,10.20,1:42.279,4,10.57,1:43.026,1,10.48,1:42.144,2005-2006,"2006 World Junior Championships, Romania",1000M,w,Heats,7
