START_POS_1 POSITION,START_POS_1 LAP TIME,START_POS_1 ELAPSED TIME,START_POS_2 POSITION,START_POS_2 LAP TIME,START_POS_2 ELAPSED TIME,START_POS_3 POSITION,START_POS_3 LAP TIME,START_POS_3 ELAPSED TIME,START_POS_4 POSITION,START_POS_4 LAP TIME,START_POS_4 ELAPSED TIME,season,competition,event,gender,round,race
1,13.471,13.471,4,13.959,13.959,3,13.618,13.618,2,13.598,13.598,2005-2006,"2005 World Cup 2, Korea",1000M,w,Preliminaries,5
1,10.499,23.969,4,10.253,24.212,3,10.568,24.186,2,10.529,24.127,2005-2006,"2005 World Cup 2, Korea",1000M,w,Preliminaries,5
1,10.450,34.419,4,10.530,34.741,3,10.373,34.558,2,10.350,34.476,2005-2006,"2005 World Cup 2, Korea",1000M,w,Preliminaries,5
1,10.390,44.809,4,10.402,45.142,2,10.359,44.916,3,10.462,44.938,2005-2006,"2005 World Cup 2, Korea",1000M,w,Preliminaries,5
1,10.028,54.837,4,10.537,55.679,3,10.207,55.123,2,10.171,55.109,2005-2006,"2005 World Cup 2, Korea",1000M,w,Preliminaries,5
1,10.068,1:04.905,4,10.951,1:06.629,2,9.956,1:05.079,3,10.133,1:05.241,2005-2006,"2005 World Cup 2, Korea",1000M,w,Preliminaries,5
1,9.840,1:14.745,4,11.530,1:18.159,2,10.080,1:15.159,3,10.344,1:15.585,2005-2006,"2005 World Cup 2, Korea",1000M,w,Preliminaries,5
1,10.415,1:25.160,4,11.660,1:29.818,2,10.222,1:25.381,3,10.497,1:26.082,2005-2006,"2005 World Cup 2, Korea",1000M,w,Preliminaries,5
1,10.73,1:35.890,4,11.96,1:41.778,2,10.59,1:35.971,3,10.94,1:37.021,2005-2006,"2005 World Cup 2, Korea",1000M,w,Preliminaries,5
