START_POS_1 POSITION,START_POS_1 LAP TIME,START_POS_1 ELAPSED TIME,START_POS_2 POSITION,START_POS_2 LAP TIME,START_POS_2 ELAPSED TIME,START_POS_3 POSITION,START_POS_3 LAP TIME,START_POS_3 ELAPSED TIME,START_POS_4 POSITION,START_POS_4 LAP TIME,START_POS_4 ELAPSED TIME,season,competition,event,gender,round,race
0,14.764,14.764,0,14.998,14.998,0,15.014,15.014,0,15.279,15.279,2006-2007,"ISU World Cup 2006/2007, Hungary, Budapest",1000m,m,Heats,4
0,10.890,25.654,0,10.630,25.628,0,10.439,25.453,0,10.541,25.820,2006-2007,"ISU World Cup 2006/2007, Hungary, Budapest",1000m,m,Heats,4
0,10.204,35.858,0,9.928,35.555,0,10.044,35.497,0,10.013,35.834,2006-2007,"ISU World Cup 2006/2007, Hungary, Budapest",1000m,m,Heats,4
0,9.794,45.652,0,10.005,45.560,0,10.037,45.534,0,10.004,45.837,2006-2007,"ISU World Cup 2006/2007, Hungary, Budapest",1000m,m,Heats,4
0,9.204,54.856,0,9.677,55.237,0,9.702,55.236,0,9.483,55.321,2006-2007,"ISU World Cup 2006/2007, Hungary, Budapest",1000m,m,Heats,4
0,10.028,1:04.885,0,9.501,1:04.738,0,9.835,1:05.070,0,9.616,1:04.936,2006-2007,"ISU World Cup 2006/2007, Hungary, Budapest",1000m,m,Heats,4
0,9.554,1:14.439,0,9.473,1:14.211,0,9.360,1:14.431,0,9.697,1:14.633,2006-2007,"ISU World Cup 2006/2007, Hungary, Budapest",1000m,m,Heats,4
0,9.525,1:23.964,0,9.635,1:23.846,0,9.380,1:23.811,0,9.308,1:23.941,2006-2007,"ISU World Cup 2006/2007, Hungary, Budapest",1000m,m,Heats,4
0,9.724,1:33.687,0,9.260,1:33.105,0,10.066,1:33.877,0,9.332,1:33.273,2006-2007,"ISU World Cup 2006/2007, Hungary, Budapest",1000m,m,Heats,4
