Veronika WINDISCH POSITION,Veronika WINDISCH LAP TIME,Veronika WINDISCH ELAPSED TIME,JUNG Eun-Ju POSITION,JUNG Eun-Ju LAP TIME,JUNG Eun-Ju ELAPSED TIME,FU Tian Yu POSITION,FU Tian Yu LAP TIME,FU Tian Yu ELAPSED TIME,BYUN Chun-Sa POSITION,BYUN Chun-Sa LAP TIME,BYUN Chun-Sa ELAPSED TIME,Arianna FONTANA POSITION,Arianna FONTANA LAP TIME,Arianna FONTANA ELAPSED TIME
0,13.934,13.934,0,14.042,14.042,0,13.669,13.669,0,13.542,13.542,0,13.433,13.433
0,10.676,24.610,0,10.448,24.490,0,10.575,24.244,0,10.968,24.510,0,10.779,24.212
0,9.619,34.229,0,9.805,34.295,0,9.827,34.072,0,9.815,34.325,0,9.607,33.818
0,10.100,44.328,0,9.836,44.132,0,10.053,44.124,0,9.889,44.214,0,10.174,43.992
0,9.824,54.152,0,9.383,53.515,0,9.586,53.710,0,9.741,53.955,0,9.625,53.618
0,9.738,1:03.890,0,9.723,1:03.238,0,9.740,1:03.450,0,9.794,1:03.749,0,9.787,1:03.404
0,9.782,1:13.672,0,9.798,1:13.036,0,9.843,1:13.293,0,10.439,1:14.187,0,9.196,1:12.601
0,9.841,1:23.513,0,9.823,1:22.859,0,9.700,1:22.993,0,8.939,1:23.126,0,10.456,1:23.057
0,10.166,1:33.679,0,9.646,1:32.505,0,9.852,1:32.845,0,9.928,1:33.054,0,10.081,1:33.137
