GREAT BRITAIN POSITION,GREAT BRITAIN LAP TIME,GREAT BRITAIN ELAPSED TIME,UNITED STATES POSITION,UNITED STATES LAP TIME,UNITED STATES ELAPSED TIME,RUSSIA POSITION,RUSSIA LAP TIME,RUSSIA ELAPSED TIME
0,12.033,12.033,0,12.122,12.122,0,12.214,12.214
0,18.565,30.598,0,9.402,21.524,0,9.393,21.606
0,,,0,9.176,30.699,0,9.264,30.870
0,,40.177,0,9.754,40.453,0,9.600,40.470
0,9.573,49.751,0,9.470,49.924,0,9.596,50.065
0,9.450,59.200,0,9.499,59.422,0,9.525,59.590
0,9.522,1:08.722,0,9.215,1:08.637,0,9.350,1:08.940
0,9.463,1:18.185,0,9.469,1:18.106,0,9.524,1:18.464
0,9.349,1:27.535,0,12.405,1:30.511,0,9.380,1:27.844
0,9.426,1:36.961,0,9.920,1:40.431,0,9.179,1:37.023
0,9.547,1:46.508,0,9.210,1:49.641,0,9.579,1:46.602
0,9.330,1:55.838,0,8.932,1:58.574,0,9.334,1:55.935
0,9.139,2:04.977,0,8.970,2:07.544,0,9.039,2:04.975
0,9.088,2:14.065,0,9.346,2:16.890,0,9.231,2:14.206
0,9.231,2:23.296,0,9.078,2:25.968,0,9.180,2:23.386
0,9.620,2:32.915,0,9.118,2:35.086,0,9.530,2:32.916
0,9.319,2:42.234,0,9.107,2:44.193,0,9.280,2:42.197
0,9.288,2:51.521,0,8.906,2:53.099,0,9.417,2:51.614
0,9.317,3:00.839,0,9.169,3:02.268,0,9.248,3:00.862
0,9.400,3:10.239,0,9.234,3:11.502,0,9.547,3:10.409
0,9.357,3:19.596,0,9.096,3:20.598,0,9.395,3:19.804
0,9.374,3:28.969,0,9.136,3:29.735,0,9.209,3:29.013
0,9.369,3:38.338,0,9.081,3:38.816,0,9.504,3:38.517
0,9.329,3:47.667,0,9.180,3:47.996,0,9.428,3:47.945
0,9.360,3:57.027,0,9.407,3:57.402,0,9.210,3:57.156
0,9.536,4:06.563,0,9.549,4:06.951,0,9.508,4:06.664
0,9.286,4:15.849,0,9.397,4:16.348,0,9.710,4:16.373
0,9.677,4:25.525,0,9.350,4:25.699,0,9.372,4:25.746
0,9.452,4:34.977,0,9.491,4:35.189,0,9.292,4:35.038
0,9.264,4:44.241,0,9.213,4:44.403,0,9.499,4:44.537
0,9.304,4:53.545,0,9.187,4:53.589,0,9.302,4:53.839
0,9.307,5:02.851,0,9.389,5:02.978,0,9.319,5:03.158
0,9.388,5:12.239,0,9.487,5:12.465,0,9.664,5:12.821
0,9.342,5:21.581,0,9.245,5:21.710,0,9.126,5:21.947
0,9.325,5:30.906,0,9.241,5:30.951,0,9.275,5:31.222
0,9.851,5:40.757,0,9.335,5:40.285,0,9.471,5:40.693
0,9.215,5:49.972,0,9.141,5:49.426,0,9.409,5:50.102
0,9.270,5:59.242,0,9.230,5:58.656,0,9.444,5:59.546
0,9.296,6:08.539,0,9.384,6:08.040,0,9.363,6:08.909
0,9.504,6:18.043,0,9.421,6:17.461,0,9.337,6:18.246
0,9.585,6:27.628,0,9.453,6:26.914,0,9.262,6:27.509
0,9.545,6:37.173,0,9.087,6:36.001,0,9.517,6:37.026
0,9.143,6:46.316,0,9.604,6:45.605,0,9.393,6:46.419
0,9.423,6:55.739,0,9.676,6:55.281,0,9.538,6:55.957
0,9.818,7:05.556,0,9.824,7:05.105,0,9.727,7:05.684
