START_POS_1 POSITION,START_POS_1 LAP TIME,START_POS_1 ELAPSED TIME,START_POS_2 POSITION,START_POS_2 LAP TIME,START_POS_2 ELAPSED TIME,START_POS_3 POSITION,START_POS_3 LAP TIME,START_POS_3 ELAPSED TIME,START_POS_4 POSITION,START_POS_4 LAP TIME,START_POS_4 ELAPSED TIME,season,competition,event,gender,round,race
0,14.467,14.467,0,14.486,14.486,0,14.191,14.191,0,14.597,14.597,2006-2007,"ISU World Cup 2006/2007, Netherlands, Heerenveen",1000m(2),w,FinalB,1
0,10.461,24.928,0,10.365,24.851,0,10.648,24.839,0,10.527,25.125,2006-2007,"ISU World Cup 2006/2007, Netherlands, Heerenveen",1000m(2),w,FinalB,1
0,10.297,35.225,0,10.346,35.197,0,10.323,35.162,0,10.198,35.322,2006-2007,"ISU World Cup 2006/2007, Netherlands, Heerenveen",1000m(2),w,FinalB,1
0,9.992,45.217,0,10.132,45.329,0,9.847,45.009,0,10.104,45.426,2006-2007,"ISU World Cup 2006/2007, Netherlands, Heerenveen",1000m(2),w,FinalB,1
0,10.331,55.548,0,10.272,55.601,0,10.279,55.288,0,10.398,55.824,2006-2007,"ISU World Cup 2006/2007, Netherlands, Heerenveen",1000m(2),w,FinalB,1
0,10.355,1:05.903,0,10.452,1:06.052,0,10.515,1:05.802,0,10.220,1:06.044,2006-2007,"ISU World Cup 2006/2007, Netherlands, Heerenveen",1000m(2),w,FinalB,1
0,10.409,1:16.312,0,10.360,1:16.413,0,10.019,1:15.822,0,10.429,1:16.473,2006-2007,"ISU World Cup 2006/2007, Netherlands, Heerenveen",1000m(2),w,FinalB,1
0,10.382,1:26.694,0,10.420,1:26.833,0,10.356,1:26.177,0,10.169,1:26.642,2006-2007,"ISU World Cup 2006/2007, Netherlands, Heerenveen",1000m(2),w,FinalB,1
0,10.601,1:37.295,0,10.895,1:37.727,0,10.385,1:36.562,0,10.383,1:37.025,2006-2007,"ISU World Cup 2006/2007, Netherlands, Heerenveen",1000m(2),w,FinalB,1
