Allison BAVER POSITION,Allison BAVER LAP TIME,Allison BAVER ELAPSED TIME,CHRISTIE Elise POSITION,CHRISTIE Elise LAP TIME,CHRISTIE Elise ELAPSED TIME,Yuka KAMINO POSITION,Yuka KAMINO LAP TIME,Yuka KAMINO ELAPSED TIME,Valerie LAMBERT POSITION,Valerie LAMBERT LAP TIME,Valerie LAMBERT ELAPSED TIME,Annita van DOORN POSITION,Annita van DOORN LAP TIME,Annita van DOORN ELAPSED TIME
1,13.776,13.776,3,13.851,13.851,5,14.028,14.028,2,13.809,13.809,4,13.985,13.985
1,10.600,24.376,3,10.579,24.429,2,10.395,24.423,4,10.670,24.478,5,10.610,24.595
2,10.422,34.799,4,10.458,34.887,1,10.162,34.586,5,10.427,34.905,3,10.288,34.883
2,10.214,45.013,4,10.184,45.071,1,10.317,44.903,5,10.249,45.154,3,10.162,45.045
4,10.179,55.192,5,11.135,56.206,2,10.071,54.974,3,9.945,55.099,1,9.913,54.958
3,9.869,1:05.061,4,10.261,1:06.466,2,9.791,1:04.765,5,32.667,1:27.767,1,9.752,1:04.710
3,10.069,1:15.130,4,10.854,1:17.320,2,10.209,1:14.973,5,13.484,1:41.251,1,10.183,1:14.893
1,9.834,1:24.963,4,11.438,1:28.758,2,10.152,1:25.126,5,11.940,1:53.191,3,10.323,1:25.216
1,10.316,1:35.279,4,12.060,1:40.817,2,10.643,1:35.768,5,12.670,2:05.862,3,10.619,1:35.835
