START_POS_1 POSITION,START_POS_1 LAP TIME,START_POS_1 ELAPSED TIME,START_POS_2 POSITION,START_POS_2 LAP TIME,START_POS_2 ELAPSED TIME,START_POS_3 POSITION,START_POS_3 LAP TIME,START_POS_3 ELAPSED TIME,START_POS_4 POSITION,START_POS_4 LAP TIME,START_POS_4 ELAPSED TIME,season,competition,event,gender,round,race
1,14.913,14.913,2,15.198,15.198,3,15.280,15.280,4,15.508,15.508,2007-2008,"2008 ISU World Junior Championships, Italy",1000M,m,Preliminaries,14
1,12.093,27.005,3,11.919,27.117,2,11.796,27.076,4,11.949,27.457,2007-2008,"2008 ISU World Junior Championships, Italy",1000M,m,Preliminaries,14
1,10.572,37.577,3,10.880,37.997,2,10.623,37.699,4,10.948,38.405,2007-2008,"2008 ISU World Junior Championships, Italy",1000M,m,Preliminaries,14
1,9.811,47.388,2,9.614,47.611,3,10.003,47.702,4,9.577,47.982,2007-2008,"2008 ISU World Junior Championships, Italy",1000M,m,Preliminaries,14
1,9.703,57.092,2,9.680,57.291,3,9.934,57.636,4,9.764,57.746,2007-2008,"2008 ISU World Junior Championships, Italy",1000M,m,Preliminaries,14
3,11.585,1:08.677,4,14.261,1:11.552,1,9.915,1:07.551,2,9.896,1:07.642,2007-2008,"2008 ISU World Junior Championships, Italy",1000M,m,Preliminaries,14
2,13.717,1:22.394,4,13.460,1:25.012,1,9.869,1:17.420,3,15.819,1:23.460,2007-2008,"2008 ISU World Junior Championships, Italy",1000M,m,Preliminaries,14
2,10.116,1:32.510,4,12.085,1:37.097,1,11.094,1:28.513,3,9.543,1:33.003,2007-2008,"2008 ISU World Junior Championships, Italy",1000M,m,Preliminaries,14
3,10.261,1:42.771,4,14.266,1:51.363,1,12.327,1:40.841,2,9.642,1:42.645,2007-2008,"2008 ISU World Junior Championships, Italy",1000M,m,Preliminaries,14
