START_POS_1 POSITION,START_POS_1 LAP TIME,START_POS_1 ELAPSED TIME,START_POS_2 POSITION,START_POS_2 LAP TIME,START_POS_2 ELAPSED TIME,START_POS_3 POSITION,START_POS_3 LAP TIME,START_POS_3 ELAPSED TIME,START_POS_4 POSITION,START_POS_4 LAP TIME,START_POS_4 ELAPSED TIME,START_POS_5 POSITION,START_POS_5 LAP TIME,START_POS_5 ELAPSED TIME,season,competition,event,gender,round,race
2,14.105,14.105,4,14.432,14.432,1,14.051,14.051,3,14.157,14.157,5,14.486,14.486,2007-2008,"2008 ISU World Championships, Korea",1000m,w,Heats,1
2,11.015,25.120,4,10.953,25.385,1,11.060,25.111,3,11.080,25.237,5,11.023,25.509,2007-2008,"2008 ISU World Championships, Korea",1000m,w,Heats,1
1,10.655,35.775,4,10.821,36.206,2,10.836,35.947,3,10.866,36.103,5,10.859,36.368,2007-2008,"2008 ISU World Championships, Korea",1000m,w,Heats,1
1,10.252,46.027,4,10.436,46.642,3,10.424,46.371,2,10.148,46.251,5,11.249,47.617,2007-2008,"2008 ISU World Championships, Korea",1000m,w,Heats,1
1,9.795,55.823,4,9.738,56.380,3,9.856,56.228,2,9.918,56.169,5,11.239,58.855,2007-2008,"2008 ISU World Championships, Korea",1000m,w,Heats,1
1,9.691,1:05.514,3,9.545,1:05.925,4,9.712,1:05.940,2,9.576,1:05.745,5,11.328,1:10.183,2007-2008,"2008 ISU World Championships, Korea",1000m,w,Heats,1
1,9.810,1:15.324,2,9.399,1:15.324,4,9.928,1:15.867,3,9.774,1:15.519,5,11.564,1:21.747,2007-2008,"2008 ISU World Championships, Korea",1000m,w,Heats,1
3,10.017,1:25.340,1,9.527,1:24.851,4,10.482,1:26.349,2,9.735,1:25.253,5,12.458,1:34.205,2007-2008,"2008 ISU World Championships, Korea",1000m,w,Heats,1
3,10.511,1:35.852,1,9.997,1:34.848,4,11.069,1:37.418,2,9.961,1:35.214,5,12.046,1:46.251,2007-2008,"2008 ISU World Championships, Korea",1000m,w,Heats,1
