Stephanie BOUVIER POSITION,Stephanie BOUVIER LAP TIME,Stephanie BOUVIER ELAPSED TIME,Biba SAKURAI POSITION,Biba SAKURAI LAP TIME,Biba SAKURAI ELAPSED TIME,Amanda OVERLAND POSITION,Amanda OVERLAND LAP TIME,Amanda OVERLAND ELAPSED TIME,Olga BELYAKOVA POSITION,Olga BELYAKOVA LAP TIME,Olga BELYAKOVA ELAPSED TIME
1,13.437,13.437,2,13.584,13.584,3,13.678,13.678,4,13.873,13.873
1,10.583,24.020,2,10.589,24.173,3,10.714,24.391,4,10.658,24.531
1,10.100,34.119,2,10.063,34.236,4,10.018,34.410,3,9.865,34.396
1,9.830,43.950,3,10.072,44.308,2,9.871,44.281,4,10.068,44.463
1,9.838,53.787,3,9.711,54.018,2,9.667,53.948,4,9.639,54.102
1,9.804,1:03.591,3,9.979,1:03.997,2,9.887,1:03.834,4,9.998,1:04.100
1,9.888,1:13.479,3,9.922,1:13.919,2,9.976,1:13.810,4,9.902,1:14.002
2,10.082,1:23.561,3,10.081,1:24.000,1,9.750,1:23.560,4,10.044,1:24.046
2,10.054,1:33.615,3,10.373,1:34.373,1,10.037,1:33.598,4,10.631,1:34.677
