LIU Qiuhong POSITION,LIU Qiuhong LAP TIME,LIU Qiuhong ELAPSED TIME,Christin PRIEBST POSITION,Christin PRIEBST LAP TIME,Christin PRIEBST ELAPSED TIME,Mika OZAWA POSITION,Mika OZAWA LAP TIME,Mika OZAWA ELAPSED TIME,Olga MASKAIKINA POSITION,Olga MASKAIKINA LAP TIME,Olga MASKAIKINA ELAPSED TIME,Veronika WINDISCH POSITION,Veronika WINDISCH LAP TIME,Veronika WINDISCH ELAPSED TIME
1,13.233,13.233,2,13.301,13.301,3,13.556,13.556,4,13.636,13.636,5,13.701,13.701
1,10.276,23.509,2,10.318,23.619,4,10.294,23.850,3,10.071,23.707,5,10.227,23.929
1,10.188,33.697,2,10.288,33.907,3,10.138,33.988,4,10.301,34.008,5,10.160,34.088
1,10.289,43.986,4,10.276,44.183,3,10.148,44.136,2,10.126,44.134,5,10.295,44.383
1,10.209,54.195,2,10.120,54.303,3,10.295,54.431,5,10.338,54.472,4,10.073,54.456
1,10.228,1:04.422,2,10.280,1:04.582,5,10.300,1:04.730,3,10.140,1:04.612,4,10.270,1:04.726
1,10.037,1:14.459,2,10.089,1:14.672,4,10.093,1:14.823,5,10.217,1:14.829,3,10.077,1:14.803
1,10.021,1:24.480,2,9.880,1:24.552,3,9.832,1:24.655,5,10.098,1:24.927,4,9.890,1:24.693
2,9.951,1:34.431,1,9.776,1:34.327,4,10.031,1:34.686,5,10.469,1:35.396,3,9.780,1:34.473
