START_POS_1 POSITION,START_POS_1 LAP TIME,START_POS_1 ELAPSED TIME,START_POS_2 POSITION,START_POS_2 LAP TIME,START_POS_2 ELAPSED TIME,START_POS_3 POSITION,START_POS_3 LAP TIME,START_POS_3 ELAPSED TIME,START_POS_4 POSITION,START_POS_4 LAP TIME,START_POS_4 ELAPSED TIME,season,competition,event,gender,round,race
2,13.397,13.397,1,13.221,13.221,3,13.950,13.950,4,14.043,14.043,2007-2008,"2008 ISU World Junior Championships, Italy",1000M,m,Preliminaries,13
1,9.970,23.367,2,10.277,23.498,4,10.261,24.210,3,9.554,23.597,2007-2008,"2008 ISU World Junior Championships, Italy",1000M,m,Preliminaries,13
1,9.884,33.251,2,9.814,33.312,4,10.364,34.574,3,9.955,33.552,2007-2008,"2008 ISU World Junior Championships, Italy",1000M,m,Preliminaries,13
1,10.214,43.465,2,10.186,43.498,4,10.600,45.174,3,9.951,43.503,2007-2008,"2008 ISU World Junior Championships, Italy",1000M,m,Preliminaries,13
2,10.297,53.762,1,10.256,53.754,4,10.768,55.942,3,10.566,54.069,2007-2008,"2008 ISU World Junior Championships, Italy",1000M,m,Preliminaries,13
2,9.974,1:03.736,3,10.435,1:04.190,4,11.678,1:07.619,1,9.601,1:03.670,2007-2008,"2008 ISU World Junior Championships, Italy",1000M,m,Preliminaries,13
1,9.697,1:13.433,3,10.842,1:15.031,4,11.449,1:19.068,2,10.012,1:13.682,2007-2008,"2008 ISU World Junior Championships, Italy",1000M,m,Preliminaries,13
1,9.733,1:23.166,3,11.007,1:26.038,4,11.984,1:31.053,2,9.563,1:23.245,2007-2008,"2008 ISU World Junior Championships, Italy",1000M,m,Preliminaries,13
1,10.186,1:33.351,3,11.014,1:37.052,4,12.321,1:43.373,2,10.209,1:33.453,2007-2008,"2008 ISU World Junior Championships, Italy",1000M,m,Preliminaries,13
