START_POS_1 POSITION,START_POS_1 LAP TIME,START_POS_1 ELAPSED TIME,START_POS_2 POSITION,START_POS_2 LAP TIME,START_POS_2 ELAPSED TIME,START_POS_3 POSITION,START_POS_3 LAP TIME,START_POS_3 ELAPSED TIME,START_POS_4 POSITION,START_POS_4 LAP TIME,START_POS_4 ELAPSED TIME,season,competition,event,gender,round,race
1,14.092,14.092,4,14.395,14.395,2,14.223,14.223,3,14.276,14.276,2007-2008,"2008 ISU World Junior Championships, Italy",1000M,w,Preliminaries,4
1,11.161,25.254,4,11.181,25.576,3,11.324,25.546,2,11.193,25.469,2007-2008,"2008 ISU World Junior Championships, Italy",1000M,w,Preliminaries,4
1,10.978,36.232,4,10.984,36.559,3,11.001,36.547,2,11.000,36.469,2007-2008,"2008 ISU World Junior Championships, Italy",1000M,w,Preliminaries,4
1,10.914,47.147,4,10.964,47.524,3,10.839,47.386,2,10.906,47.375,2007-2008,"2008 ISU World Junior Championships, Italy",1000M,w,Preliminaries,4
1,10.331,57.478,4,10.526,58.050,2,10.283,57.668,3,10.300,57.675,2007-2008,"2008 ISU World Junior Championships, Italy",1000M,w,Preliminaries,4
1,10.131,1:07.609,4,9.958,1:08.007,2,10.186,1:07.854,3,10.232,1:07.907,2007-2008,"2008 ISU World Junior Championships, Italy",1000M,w,Preliminaries,4
1,9.992,1:17.601,4,10.210,1:18.217,3,10.025,1:17.879,2,9.954,1:17.862,2007-2008,"2008 ISU World Junior Championships, Italy",1000M,w,Preliminaries,4
2,10.057,1:27.657,4,10.405,1:28.622,3,9.961,1:27.840,1,9.628,1:27.490,2007-2008,"2008 ISU World Junior Championships, Italy",1000M,w,Preliminaries,4
2,10.137,1:37.794,4,11.053,1:39.675,3,10.152,1:37.991,1,9.963,1:37.453,2007-2008,"2008 ISU World Junior Championships, Italy",1000M,w,Preliminaries,4
