START_POS_1 POSITION,START_POS_1 LAP TIME,START_POS_1 ELAPSED TIME,START_POS_2 POSITION,START_POS_2 LAP TIME,START_POS_2 ELAPSED TIME,START_POS_3 POSITION,START_POS_3 LAP TIME,START_POS_3 ELAPSED TIME,START_POS_4 POSITION,START_POS_4 LAP TIME,START_POS_4 ELAPSED TIME,START_POS_5 POSITION,START_POS_5 LAP TIME,START_POS_5 ELAPSED TIME,START_POS_6 POSITION,START_POS_6 LAP TIME,START_POS_6 ELAPSED TIME,season,competition,event,gender,round,race
1,12.028,12.028,3,12.237,12.237,2,12.092,12.092,5,12.298,12.298,6,12.413,12.413,4,12.262,12.262,2007-2008,"2008 ISU World Championships, Korea",1000m,m,Quarterfinals,1
1,9.367,21.396,5,9.484,21.721,3,9.385,21.477,4,9.421,21.719,6,9.341,21.754,2,9.160,21.422,2007-2008,"2008 ISU World Championships, Korea",1000m,m,Quarterfinals,1
3,9.573,30.969,6,9.614,31.335,2,9.491,30.968,4,9.466,31.185,5,9.474,31.228,1,9.407,30.829,2007-2008,"2008 ISU World Championships, Korea",1000m,m,Quarterfinals,1
1,9.115,40.084,4,9.372,40.707,3,9.527,40.495,6,9.640,40.825,5,9.554,40.782,2,9.645,40.474,2007-2008,"2008 ISU World Championships, Korea",1000m,m,Quarterfinals,1
1,9.369,49.453,6,9.319,50.026,3,9.250,49.745,5,9.197,50.022,4,9.194,49.976,2,9.218,49.692,2007-2008,"2008 ISU World Championships, Korea",1000m,m,Quarterfinals,1
1,9.278,58.731,6,9.431,59.458,2,9.201,58.946,4,9.132,59.154,3,9.040,59.016,5,9.542,59.234,2007-2008,"2008 ISU World Championships, Korea",1000m,m,Quarterfinals,1
2,9.471,1:08.202,6,9.476,1:08.934,1,9.183,1:08.129,3,9.245,1:08.399,4,9.434,1:08.451,5,9.599,1:08.833,2007-2008,"2008 ISU World Championships, Korea",1000m,m,Quarterfinals,1
1,9.302,1:17.503,6,9.774,1:18.707,4,9.790,1:17.918,2,9.299,1:17.698,3,9.250,1:17.701,5,9.823,1:18.656,2007-2008,"2008 ISU World Championships, Korea",1000m,m,Quarterfinals,1
6,33.584,1:51.087,5,10.306,1:29.013,3,9.649,1:27.567,1,9.214,1:26.912,2,9.569,1:27.270,4,10.051,1:28.707,2007-2008,"2008 ISU World Championships, Korea",1000m,m,Quarterfinals,1
