START_POS_1 POSITION,START_POS_1 LAP TIME,START_POS_1 ELAPSED TIME,START_POS_2 POSITION,START_POS_2 LAP TIME,START_POS_2 ELAPSED TIME,START_POS_3 POSITION,START_POS_3 LAP TIME,START_POS_3 ELAPSED TIME,START_POS_4 POSITION,START_POS_4 LAP TIME,START_POS_4 ELAPSED TIME,season,competition,event,gender,round,race
3,14.73,14.73,2,14.71,14.71,1,14.66,14.66,0,,,2008-2009,"Samsung ISU World Cup 2008/2009, CHN, Beijing",1000m,w,Heats,4
2,11.39,26.13,3,11.54,26.25,1,11.41,26.07,4,0.00,26.38,2008-2009,"Samsung ISU World Cup 2008/2009, CHN, Beijing",1000m,w,Heats,4
3,11.12,37.25,2,10.98,37.24,1,11.12,37.19,4,11.09,37.48,2008-2009,"Samsung ISU World Cup 2008/2009, CHN, Beijing",1000m,w,Heats,4
3,11.05,48.30,1,10.95,48.19,2,11.08,48.27,4,11.23,48.71,2008-2009,"Samsung ISU World Cup 2008/2009, CHN, Beijing",1000m,w,Heats,4
3,11.11,59.42,2,11.17,59.37,1,10.93,59.21,4,10.97,59.69,2008-2009,"Samsung ISU World Cup 2008/2009, CHN, Beijing",1000m,w,Heats,4
3,10.28,1:09.70,2,10.31,1:09.68,1,10.38,1:09.59,4,10.31,1:10.00,2008-2009,"Samsung ISU World Cup 2008/2009, CHN, Beijing",1000m,w,Heats,4
3,9.96,1:19.66,1,9.62,1:19.31,2,9.88,1:19.48,4,9.88,1:19.89,2008-2009,"Samsung ISU World Cup 2008/2009, CHN, Beijing",1000m,w,Heats,4
3,9.66,1:29.33,1,9.31,1:28.62,2,9.62,1:29.10,4,9.66,1:29.56,2008-2009,"Samsung ISU World Cup 2008/2009, CHN, Beijing",1000m,w,Heats,4
2,9.69,1:39.019,1,10.19,1:38.805,3,10.07,1:39.162,4,9.79,1:39.342,2008-2009,"Samsung ISU World Cup 2008/2009, CHN, Beijing",1000m,w,Heats,4
