Niels KERSTHOLT POSITION,Niels KERSTHOLT LAP TIME,Niels KERSTHOLT ELAPSED TIME,Jean Charles MATTEI POSITION,Jean Charles MATTEI LAP TIME,Jean Charles MATTEI ELAPSED TIME,Robert BECKER POSITION,Robert BECKER LAP TIME,Robert BECKER ELAPSED TIME,Lachlan HAY POSITION,Lachlan HAY LAP TIME,Lachlan HAY ELAPSED TIME
1,12.70,12.70,4,13.24,13.24,2,12.98,12.98,3,13.12,13.12
1,10.09,22.80,4,10.10,23.34,2,10.06,23.05,3,10.00,23.12
1,9.99,32.79,4,9.99,33.33,2,9.93,32.98,3,9.96,33.09
1,9.76,42.55,4,9.56,42.90,3,9.74,42.72,2,9.62,42.72
1,9.65,52.20,3,9.74,52.65,4,9.96,52.69,2,9.69,52.41
1,9.64,1:01.85,3,9.78,1:02.43,4,9.80,1:02.50,2,9.86,1:02.27
1,9.71,1:11.56,3,9.52,1:11.95,4,9.47,1:11.98,2,9.47,1:11.75
1,9.37,1:20.94,3,9.33,1:21.28,4,9.34,1:21.32,2,9.36,1:21.12
1,9.46,1:30.400,3,9.29,1:30.564,4,9.29,1:30.601,2,9.39,1:30.503
