START_POS_1 POSITION,START_POS_1 LAP TIME,START_POS_1 ELAPSED TIME,START_POS_2 POSITION,START_POS_2 LAP TIME,START_POS_2 ELAPSED TIME,START_POS_3 POSITION,START_POS_3 LAP TIME,START_POS_3 ELAPSED TIME,START_POS_4 POSITION,START_POS_4 LAP TIME,START_POS_4 ELAPSED TIME,season,competition,event,gender,round,race
2,12.66,12.66,3,12.67,12.67,1,12.41,12.41,4,12.85,12.85,2008-2009,"Samsung ISU World Cup 2008/2009, BUL, Sofia",1000m(2),w,Quarterfinals,3
3,10.16,22.83,1,10.02,22.69,2,10.38,22.79,4,9.98,22.83,2008-2009,"Samsung ISU World Cup 2008/2009, BUL, Sofia",1000m(2),w,Quarterfinals,3
2,9.24,32.08,1,9.37,32.06,3,9.38,32.17,4,9.64,32.48,2008-2009,"Samsung ISU World Cup 2008/2009, BUL, Sofia",1000m(2),w,Quarterfinals,3
3,9.75,41.83,1,9.62,41.69,2,9.60,41.78,4,9.60,42.09,2008-2009,"Samsung ISU World Cup 2008/2009, BUL, Sofia",1000m(2),w,Quarterfinals,3
3,9.69,51.52,1,9.53,51.23,2,9.70,51.48,4,9.76,51.85,2008-2009,"Samsung ISU World Cup 2008/2009, BUL, Sofia",1000m(2),w,Quarterfinals,3
3,9.80,1:01.33,2,10.09,1:01.32,1,9.79,1:01.27,4,9.73,1:01.59,2008-2009,"Samsung ISU World Cup 2008/2009, BUL, Sofia",1000m(2),w,Quarterfinals,3
3,9.53,1:10.86,1,9.15,1:10.48,2,9.53,1:10.81,4,9.70,1:11.30,2008-2009,"Samsung ISU World Cup 2008/2009, BUL, Sofia",1000m(2),w,Quarterfinals,3
2,9.87,1:20.74,3,10.33,1:20.81,1,9.82,1:20.63,4,9.64,1:20.94,2008-2009,"Samsung ISU World Cup 2008/2009, BUL, Sofia",1000m(2),w,Quarterfinals,3
2,9.94,1:30.678,4,10.11,1:30.916,1,9.98,1:30.608,3,9.74,1:30.680,2008-2009,"Samsung ISU World Cup 2008/2009, BUL, Sofia",1000m(2),w,Quarterfinals,3
