GREAT BRITAIN POSITION,GREAT BRITAIN LAP TIME,GREAT BRITAIN ELAPSED TIME,KOREA POSITION,KOREA LAP TIME,KOREA ELAPSED TIME,JAPAN POSITION,JAPAN LAP TIME,JAPAN ELAPSED TIME,UNITED STATES POSITION,UNITED STATES LAP TIME,UNITED STATES ELAPSED TIME
2,12.24,12.24,3,12.45,12.45,1,12.20,12.20,4,12.45,12.45
1,9.62,21.87,4,9.73,22.19,2,9.85,22.05,3,9.66,22.12
2,9.43,31.30,3,9.42,31.61,1,9.16,31.21,4,9.57,31.69
2,9.31,40.61,4,9.29,40.91,1,9.29,40.50,3,9.15,40.85
2,9.27,49.88,4,9.09,50.00,1,9.20,49.71,3,9.08,49.93
3,9.22,59.11,4,9.14,59.14,1,8.86,58.58,2,9.11,59.05
3,9.18,1:08.29,4,9.18,1:08.32,1,9.24,1:07.82,2,9.13,1:08.18
1,8.84,1:17.14,4,9.11,1:17.44,3,9.52,1:17.35,2,9.07,1:17.25
1,9.13,1:26.27,3,8.94,1:26.38,4,9.12,1:26.48,2,9.05,1:26.31
1,9.29,1:35.56,4,9.41,1:35.79,2,9.18,1:35.66,3,9.39,1:35.70
1,9.29,1:44.86,4,9.31,1:45.11,3,9.27,1:44.94,2,9.20,1:44.91
2,9.38,1:54.24,4,9.22,1:54.33,1,9.27,1:54.21,3,9.38,1:54.29
1,9.20,2:03.45,4,9.45,2:03.78,3,9.27,2:03.49,2,9.15,2:03.45
2,9.19,2:12.64,4,9.46,2:13.24,1,9.11,2:12.61,3,9.19,2:12.64
3,9.22,2:21.87,4,8.94,2:22.18,1,9.20,2:21.81,2,9.20,2:21.85
3,9.07,2:30.95,4,9.06,2:31.25,2,9.11,2:30.93,1,9.05,2:30.90
2,9.06,2:40.01,4,9.17,2:40.43,3,9.11,2:40.04,1,9.07,2:39.98
3,9.20,2:49.22,4,8.91,2:49.35,2,9.13,2:49.18,1,8.93,2:48.91
3,8.82,2:58.04,4,9.08,2:58.43,2,8.74,2:57.93,1,8.86,2:57.78
3,8.67,3:06.72,4,8.82,3:07.25,2,8.71,3:06.64,1,8.71,3:06.50
2,9.08,3:15.80,3,8.70,3:15.95,4,9.33,3:15.98,1,9.12,3:15.62
3,9.00,3:24.81,4,9.05,3:25.01,2,8.67,3:24.65,1,8.92,3:24.54
3,8.90,3:33.72,4,9.09,3:34.10,2,8.79,3:33.45,1,8.86,3:33.41
3,8.74,3:42.46,4,8.69,3:42.80,2,8.98,3:42.43,1,8.61,3:42.02
3,8.73,3:51.19,4,8.81,3:51.61,2,8.67,3:51.10,1,8.87,3:50.90
3,8.84,4:00.04,4,8.67,4:00.29,1,8.40,3:59.51,2,8.66,3:59.57
3,8.77,4:08.81,4,8.75,4:09.04,2,8.97,4:08.48,1,8.74,4:08.31
3,8.86,4:17.68,4,8.75,4:17.79,1,8.53,4:17.02,2,8.86,4:17.18
4,8.90,4:26.58,3,8.65,4:26.45,1,9.05,4:26.07,2,8.94,4:26.12
3,8.96,4:35.55,4,12.56,4:39.01,1,8.72,4:34.79,2,8.68,4:34.80
3,8.57,4:44.12,4,9.00,4:48.01,2,9.08,4:43.87,1,8.95,4:43.76
3,9.37,4:53.49,4,8.81,4:56.82,2,8.76,4:52.63,1,8.74,4:52.50
3,9.20,5:02.70,4,8.87,5:05.69,2,8.98,5:01.62,1,8.84,5:01.35
3,9.03,5:11.73,4,8.79,5:14.49,1,8.72,5:10.34,2,9.01,5:10.36
3,9.17,5:20.91,4,8.68,5:23.17,2,9.23,5:19.57,1,9.03,5:19.40
3,9.24,5:30.15,4,8.99,5:32.17,2,9.24,5:28.81,1,9.06,5:28.46
3,9.17,5:39.33,4,9.48,5:41.65,2,8.74,5:37.55,1,8.88,5:37.35
3,9.31,5:48.64,4,9.10,5:50.75,2,9.50,5:47.05,1,4.56,5:41.91
3,9.42,5:58.07,4,9.17,5:59.92,2,9.14,5:56.20,1,13.17,5:55.08
3,9.29,6:07.36,4,8.91,6:08.84,2,8.43,6:04.63,1,9.18,6:04.26
3,9.43,6:16.80,4,8.68,6:17.53,2,10.14,6:14.78,1,9.69,6:13.96
3,9.51,6:26.32,4,8.96,6:26.49,2,9.44,6:24.22,1,9.43,6:23.39
4,9.45,6:35.78,3,9.24,6:35.74,2,9.24,6:33.47,1,9.12,6:32.52
4,9.14,6:44.92,3,8.94,6:44.68,2,9.32,6:42.79,1,9.44,6:41.96
4,8.95,6:53.868,3,9.03,6:53.704,2,10.04,6:52.821,1,10.13,6:52.086
