START_POS_1 POSITION,START_POS_1 LAP TIME,START_POS_1 ELAPSED TIME,START_POS_2 POSITION,START_POS_2 LAP TIME,START_POS_2 ELAPSED TIME,START_POS_3 POSITION,START_POS_3 LAP TIME,START_POS_3 ELAPSED TIME,START_POS_4 POSITION,START_POS_4 LAP TIME,START_POS_4 ELAPSED TIME,season,competition,event,gender,round,race
3,13.86,13.86,2,13.76,13.76,1,13.63,13.63,4,14.03,14.03,2008-2009,"Samsung ISU World Cup 2008/2009, CAN, BC, Vancouver",1000m(1),w,RepSemifinals,2
3,10.47,24.33,1,10.51,24.27,2,10.64,24.28,4,10.39,24.43,2008-2009,"Samsung ISU World Cup 2008/2009, CAN, BC, Vancouver",1000m(1),w,RepSemifinals,2
1,9.84,34.18,2,10.02,34.30,4,10.27,34.56,3,10.04,34.47,2008-2009,"Samsung ISU World Cup 2008/2009, CAN, BC, Vancouver",1000m(1),w,RepSemifinals,2
1,10.23,44.41,2,10.17,44.47,3,10.05,44.61,4,10.15,44.62,2008-2009,"Samsung ISU World Cup 2008/2009, CAN, BC, Vancouver",1000m(1),w,RepSemifinals,2
4,34.59,1:19.01,1,10.06,54.54,2,10.03,54.65,3,23.43,1:08.06,2008-2009,"Samsung ISU World Cup 2008/2009, CAN, BC, Vancouver",1000m(1),w,RepSemifinals,2
4,13.40,1:32.41,1,11.01,1:05.56,2,10.93,1:05.59,3,13.76,1:21.82,2008-2009,"Samsung ISU World Cup 2008/2009, CAN, BC, Vancouver",1000m(1),w,RepSemifinals,2
4,11.30,1:43.72,1,11.30,1:16.86,2,11.41,1:17.01,3,13.16,1:34.99,2008-2009,"Samsung ISU World Cup 2008/2009, CAN, BC, Vancouver",1000m(1),w,RepSemifinals,2
4,11.62,1:55.34,1,11.68,1:28.54,2,11.58,1:28.59,3,12.96,1:47.95,2008-2009,"Samsung ISU World Cup 2008/2009, CAN, BC, Vancouver",1000m(1),w,RepSemifinals,2
3,12.23,2:07.567,1,11.53,1:40.070,0,,DQ,2,12.75,2:00.698,2008-2009,"Samsung ISU World Cup 2008/2009, CAN, BC, Vancouver",1000m(1),w,RepSemifinals,2
