START_POS_1 POSITION,START_POS_1 LAP TIME,START_POS_1 ELAPSED TIME,START_POS_2 POSITION,START_POS_2 LAP TIME,START_POS_2 ELAPSED TIME,START_POS_3 POSITION,START_POS_3 LAP TIME,START_POS_3 ELAPSED TIME,START_POS_4 POSITION,START_POS_4 LAP TIME,START_POS_4 ELAPSED TIME,season,competition,event,gender,round,race
1,13.64,13.64,3,13.94,13.94,2,13.81,13.81,4,13.95,13.95,2008-2009,"Samsung ISU World Cup 2008/2009, GER, Dresden",1000m,w,RepQuarterfinals,3
1,10.69,24.34,3,10.51,24.45,2,10.57,24.39,4,10.70,24.66,2008-2009,"Samsung ISU World Cup 2008/2009, GER, Dresden",1000m,w,RepQuarterfinals,3
2,10.52,34.86,3,10.61,35.06,1,10.34,34.73,4,10.58,35.24,2008-2009,"Samsung ISU World Cup 2008/2009, GER, Dresden",1000m,w,RepQuarterfinals,3
4,10.59,45.45,1,9.85,44.92,2,10.38,45.11,3,9.95,45.19,2008-2009,"Samsung ISU World Cup 2008/2009, GER, Dresden",1000m,w,RepQuarterfinals,3
4,9.97,55.42,2,10.28,55.21,1,10.06,55.18,3,10.13,55.33,2008-2009,"Samsung ISU World Cup 2008/2009, GER, Dresden",1000m,w,RepQuarterfinals,3
4,10.45,1:05.87,1,10.20,1:05.41,2,10.33,1:05.51,3,10.26,1:05.59,2008-2009,"Samsung ISU World Cup 2008/2009, GER, Dresden",1000m,w,RepQuarterfinals,3
4,10.38,1:16.26,1,10.43,1:15.85,2,10.44,1:15.95,3,10.50,1:16.09,2008-2009,"Samsung ISU World Cup 2008/2009, GER, Dresden",1000m,w,RepQuarterfinals,3
3,9.80,1:26.06,1,10.06,1:25.91,2,10.03,1:25.99,4,23.64,1:39.74,2008-2009,"Samsung ISU World Cup 2008/2009, GER, Dresden",1000m,w,RepQuarterfinals,3
2,10.92,1:36.979,1,10.37,1:36.274,0,,DQ,3,39.30,2:19.039,2008-2009,"Samsung ISU World Cup 2008/2009, GER, Dresden",1000m,w,RepQuarterfinals,3
