START_POS_1 POSITION,START_POS_1 LAP TIME,START_POS_1 ELAPSED TIME,START_POS_2 POSITION,START_POS_2 LAP TIME,START_POS_2 ELAPSED TIME,START_POS_3 POSITION,START_POS_3 LAP TIME,START_POS_3 ELAPSED TIME,START_POS_4 POSITION,START_POS_4 LAP TIME,START_POS_4 ELAPSED TIME,START_POS_5 POSITION,START_POS_5 LAP TIME,START_POS_5 ELAPSED TIME,season,competition,event,gender,round,race
5,14.54,14.54,2,14.19,14.19,3,14.28,14.28,1,14.15,14.15,4,14.47,14.47,2008-2009,"Samsung ISU World Cup 2008/2009, CAN, BC, Vancouver",1000m(1),w,RepSemifinals,1
3,10.39,24.94,2,10.63,24.83,1,10.48,24.76,5,10.87,25.02,4,10.52,24.99,2008-2009,"Samsung ISU World Cup 2008/2009, CAN, BC, Vancouver",1000m(1),w,RepSemifinals,1
3,10.19,35.13,2,10.25,35.09,1,10.29,35.06,5,10.33,35.36,4,10.31,35.31,2008-2009,"Samsung ISU World Cup 2008/2009, CAN, BC, Vancouver",1000m(1),w,RepSemifinals,1
2,10.30,45.44,3,10.36,45.45,1,10.27,45.33,5,10.35,45.71,4,10.37,45.68,2008-2009,"Samsung ISU World Cup 2008/2009, CAN, BC, Vancouver",1000m(1),w,RepSemifinals,1
1,9.57,55.01,3,9.67,55.12,2,9.77,55.11,5,9.74,55.46,4,9.46,55.15,2008-2009,"Samsung ISU World Cup 2008/2009, CAN, BC, Vancouver",1000m(1),w,RepSemifinals,1
1,9.79,1:04.81,3,9.75,1:04.88,2,9.70,1:04.81,5,9.66,1:05.13,4,9.92,1:05.07,2008-2009,"Samsung ISU World Cup 2008/2009, CAN, BC, Vancouver",1000m(1),w,RepSemifinals,1
2,9.86,1:14.67,3,9.79,1:14.67,1,9.85,1:14.66,5,9.92,1:15.05,4,9.79,1:14.87,2008-2009,"Samsung ISU World Cup 2008/2009, CAN, BC, Vancouver",1000m(1),w,RepSemifinals,1
3,10.12,1:24.80,2,10.06,1:24.74,1,10.03,1:24.70,5,10.12,1:25.17,4,9.98,1:24.86,2008-2009,"Samsung ISU World Cup 2008/2009, CAN, BC, Vancouver",1000m(1),w,RepSemifinals,1
4,10.38,1:35.178,2,10.32,1:35.054,1,10.33,1:35.030,5,10.57,1:35.739,3,10.32,1:35.174,2008-2009,"Samsung ISU World Cup 2008/2009, CAN, BC, Vancouver",1000m(1),w,RepSemifinals,1
