START_POS_1 POSITION,START_POS_1 LAP TIME,START_POS_1 ELAPSED TIME,START_POS_2 POSITION,START_POS_2 LAP TIME,START_POS_2 ELAPSED TIME,START_POS_3 POSITION,START_POS_3 LAP TIME,START_POS_3 ELAPSED TIME,START_POS_4 POSITION,START_POS_4 LAP TIME,START_POS_4 ELAPSED TIME,START_POS_5 POSITION,START_POS_5 LAP TIME,START_POS_5 ELAPSED TIME,season,competition,event,gender,round,race
5,14.38,14.38,1,14.00,14.00,3,14.25,14.25,2,14.13,14.13,4,14.34,14.34,2008-2009,"Samsung ISU World Cup 2008/2009, CHN, Beijing",1000m,w,Preliminaries,3
4,10.54,24.92,2,10.64,24.64,3,10.57,24.83,5,16.62,30.76,1,10.23,24.58,2008-2009,"Samsung ISU World Cup 2008/2009, CHN, Beijing",1000m,w,Preliminaries,3
2,10.64,35.56,1,10.67,35.32,3,10.75,35.59,4,4.86,35.62,5,11.13,35.72,2008-2009,"Samsung ISU World Cup 2008/2009, CHN, Beijing",1000m,w,Preliminaries,3
4,10.31,45.88,1,10.14,45.46,5,10.43,46.02,2,9.90,45.52,3,10.15,45.87,2008-2009,"Samsung ISU World Cup 2008/2009, CHN, Beijing",1000m,w,Preliminaries,3
3,10.22,56.11,2,10.41,55.88,5,10.19,56.22,1,10.30,55.83,4,10.26,56.14,2008-2009,"Samsung ISU World Cup 2008/2009, CHN, Beijing",1000m,w,Preliminaries,3
1,9.75,1:05.86,3,10.28,1:06.16,5,10.26,1:06.49,2,10.21,1:06.04,4,10.13,1:06.27,2008-2009,"Samsung ISU World Cup 2008/2009, CHN, Beijing",1000m,w,Preliminaries,3
1,9.56,1:15.42,3,9.91,1:16.07,5,10.14,1:16.63,2,9.98,1:16.02,4,10.15,1:16.42,2008-2009,"Samsung ISU World Cup 2008/2009, CHN, Beijing",1000m,w,Preliminaries,3
1,9.63,1:25.06,3,10.08,1:26.15,5,10.65,1:27.29,2,10.05,1:26.08,4,10.29,1:26.71,2008-2009,"Samsung ISU World Cup 2008/2009, CHN, Beijing",1000m,w,Preliminaries,3
1,9.89,1:34.944,3,10.34,1:36.486,5,11.28,1:38.564,2,10.25,1:36.329,4,11.10,1:37.810,2008-2009,"Samsung ISU World Cup 2008/2009, CHN, Beijing",1000m,w,Preliminaries,3
