START_POS_1 POSITION,START_POS_1 LAP TIME,START_POS_1 ELAPSED TIME,START_POS_2 POSITION,START_POS_2 LAP TIME,START_POS_2 ELAPSED TIME,START_POS_3 POSITION,START_POS_3 LAP TIME,START_POS_3 ELAPSED TIME,START_POS_4 POSITION,START_POS_4 LAP TIME,START_POS_4 ELAPSED TIME,season,competition,event,gender,round,race
3,13.42,13.42,1,12.71,12.71,4,13.43,13.43,2,12.96,12.96,2008-2009,"Samsung ISU World Cup 2008/2009, BUL, Sofia",1000m(1),w,Heats,3
4,9.85,23.27,2,10.31,23.03,3,9.71,23.15,1,9.99,22.95,2008-2009,"Samsung ISU World Cup 2008/2009, BUL, Sofia",1000m(1),w,Heats,3
4,9.99,33.26,1,9.88,32.92,3,9.95,33.10,2,10.03,32.99,2008-2009,"Samsung ISU World Cup 2008/2009, BUL, Sofia",1000m(1),w,Heats,3
4,9.91,43.18,1,9.84,42.77,3,9.96,43.06,2,10.01,43.01,2008-2009,"Samsung ISU World Cup 2008/2009, BUL, Sofia",1000m(1),w,Heats,3
4,9.64,52.82,1,9.75,52.52,3,9.67,52.74,2,9.66,52.67,2008-2009,"Samsung ISU World Cup 2008/2009, BUL, Sofia",1000m(1),w,Heats,3
4,9.86,1:02.69,1,9.81,1:02.33,3,9.72,1:02.46,2,9.76,1:02.44,2008-2009,"Samsung ISU World Cup 2008/2009, BUL, Sofia",1000m(1),w,Heats,3
3,10.05,1:12.75,1,10.05,1:12.39,4,10.33,1:12.79,2,10.09,1:12.54,2008-2009,"Samsung ISU World Cup 2008/2009, BUL, Sofia",1000m(1),w,Heats,3
3,10.03,1:22.78,1,10.18,1:22.58,4,10.12,1:22.91,2,10.19,1:22.74,2008-2009,"Samsung ISU World Cup 2008/2009, BUL, Sofia",1000m(1),w,Heats,3
2,10.20,1:32.972,1,10.28,1:32.859,4,10.69,1:33.597,3,10.34,1:33.080,2008-2009,"Samsung ISU World Cup 2008/2009, BUL, Sofia",1000m(1),w,Heats,3
