Andrey SMETANIN POSITION,Andrey SMETANIN LAP TIME,Andrey SMETANIN ELAPSED TIME,Sebastian PRAUS POSITION,Sebastian PRAUS LAP TIME,Sebastian PRAUS ELAPSED TIME,LEE Jung Su POSITION,LEE Jung Su LAP TIME,LEE Jung Su ELAPSED TIME,Nicolas BEAN POSITION,Nicolas BEAN LAP TIME,Nicolas BEAN ELAPSED TIME
3,12.90,12.90,1,12.28,12.28,4,13.13,13.13,2,12.76,12.76
3,9.84,22.74,1,10.25,22.54,4,9.89,23.02,2,9.94,22.70
2,9.94,32.68,1,9.85,32.39,4,9.98,33.00,3,9.99,32.70
3,9.70,42.39,1,9.86,42.25,4,9.54,42.54,2,9.69,42.39
3,9.31,51.71,1,9.24,51.49,2,9.09,51.64,4,9.45,51.85
4,9.31,1:01.03,1,9.10,1:00.60,2,9.07,1:00.71,3,9.07,1:00.92
4,9.36,1:10.39,1,9.52,1:10.12,2,9.44,1:10.15,3,9.29,1:10.21
4,9.66,1:20.06,1,9.04,1:19.16,2,9.31,1:19.47,3,9.47,1:19.69
4,10.22,1:30.280,1,9.87,1:29.025,2,9.71,1:29.180,3,9.57,1:29.256
