START_POS_1 POSITION,START_POS_1 LAP TIME,START_POS_1 ELAPSED TIME,START_POS_2 POSITION,START_POS_2 LAP TIME,START_POS_2 ELAPSED TIME,START_POS_3 POSITION,START_POS_3 LAP TIME,START_POS_3 ELAPSED TIME,START_POS_4 POSITION,START_POS_4 LAP TIME,START_POS_4 ELAPSED TIME,season,competition,event,gender,round,race
2,13.86,13.86,1,13.75,13.75,3,13.95,13.95,4,14.26,14.26,2008-2009,"Samsung ISU World Cup 2008/2009, BUL, Sofia",1000m(2),w,Preliminaries,3
1,10.76,24.63,2,11.03,24.78,3,10.97,24.92,4,10.89,25.16,2008-2009,"Samsung ISU World Cup 2008/2009, BUL, Sofia",1000m(2),w,Preliminaries,3
1,10.44,35.08,2,10.36,35.15,3,10.34,35.27,4,10.35,35.51,2008-2009,"Samsung ISU World Cup 2008/2009, BUL, Sofia",1000m(2),w,Preliminaries,3
1,10.28,45.36,2,10.24,45.39,3,10.23,45.50,4,10.24,45.75,2008-2009,"Samsung ISU World Cup 2008/2009, BUL, Sofia",1000m(2),w,Preliminaries,3
1,10.10,55.47,2,10.15,55.54,3,10.12,55.62,4,10.07,55.82,2008-2009,"Samsung ISU World Cup 2008/2009, BUL, Sofia",1000m(2),w,Preliminaries,3
1,10.05,1:05.52,2,10.07,1:05.61,3,10.03,1:05.66,4,10.15,1:05.97,2008-2009,"Samsung ISU World Cup 2008/2009, BUL, Sofia",1000m(2),w,Preliminaries,3
1,10.21,1:15.74,2,10.18,1:15.79,3,10.19,1:15.85,4,10.00,1:15.98,2008-2009,"Samsung ISU World Cup 2008/2009, BUL, Sofia",1000m(2),w,Preliminaries,3
3,10.62,1:26.36,2,10.43,1:26.23,4,10.55,1:26.40,1,9.90,1:25.89,2008-2009,"Samsung ISU World Cup 2008/2009, BUL, Sofia",1000m(2),w,Preliminaries,3
3,10.67,1:37.022,4,11.10,1:37.324,2,10.36,1:36.753,1,9.75,1:35.640,2008-2009,"Samsung ISU World Cup 2008/2009, BUL, Sofia",1000m(2),w,Preliminaries,3
