Dmytro POLTAVETS POSITION,Dmytro POLTAVETS LAP TIME,Dmytro POLTAVETS ELAPSED TIME,Bence BERES POSITION,Bence BERES LAP TIME,Bence BERES ELAPSED TIME,Bartosz KONOPKO POSITION,Bartosz KONOPKO LAP TIME,Bartosz KONOPKO ELAPSED TIME,Stephane PERIER POSITION,Stephane PERIER LAP TIME,Stephane PERIER ELAPSED TIME
3,13.42,13.42,2,13.33,13.33,4,13.52,13.52,1,13.09,13.09
4,10.59,24.01,2,10.29,23.62,1,9.92,23.44,3,10.62,23.71
4,9.86,33.87,2,10.07,33.69,3,10.24,33.69,1,9.89,33.61
4,10.67,44.54,3,10.72,44.41,2,10.38,44.07,1,10.33,43.95
3,9.73,54.27,2,9.65,54.07,4,10.41,54.48,1,9.95,53.90
3,9.37,1:03.65,2,9.46,1:03.53,4,9.37,1:03.86,1,9.41,1:03.32
3,9.45,1:13.11,2,9.45,1:12.99,4,9.32,1:13.18,1,9.56,1:12.88
3,9.48,1:22.59,2,9.40,1:22.40,4,9.56,1:22.74,1,9.23,1:22.11
2,9.48,1:32.066,1,9.53,1:31.930,3,10.02,1:32.757,0,,DQ
