START_POS_1 POSITION,START_POS_1 LAP TIME,START_POS_1 ELAPSED TIME,START_POS_2 POSITION,START_POS_2 LAP TIME,START_POS_2 ELAPSED TIME,START_POS_3 POSITION,START_POS_3 LAP TIME,START_POS_3 ELAPSED TIME,START_POS_4 POSITION,START_POS_4 LAP TIME,START_POS_4 ELAPSED TIME,season,competition,event,gender,round,race
2,13.42,13.42,1,13.20,13.20,4,14.21,14.21,3,13.53,13.53,2008-2009,"Samsung ISU World Cup 2008/2009, BUL, Sofia",1000m(2),w,RepSemifinals,1
4,10.11,23.53,1,10.07,23.27,2,9.15,23.37,3,9.93,23.47,2008-2009,"Samsung ISU World Cup 2008/2009, BUL, Sofia",1000m(2),w,RepSemifinals,1
3,10.14,33.68,2,10.38,33.66,1,10.15,33.52,4,11.96,35.43,2008-2009,"Samsung ISU World Cup 2008/2009, BUL, Sofia",1000m(2),w,RepSemifinals,1
2,10.01,43.70,1,9.75,43.41,4,10.41,43.93,3,8.36,43.79,2008-2009,"Samsung ISU World Cup 2008/2009, BUL, Sofia",1000m(2),w,RepSemifinals,1
2,10.12,53.82,1,10.16,53.58,4,9.94,53.88,3,10.05,53.85,2008-2009,"Samsung ISU World Cup 2008/2009, BUL, Sofia",1000m(2),w,RepSemifinals,1
2,10.17,1:03.99,1,10.14,1:03.73,3,10.18,1:04.06,4,24.29,1:18.15,2008-2009,"Samsung ISU World Cup 2008/2009, BUL, Sofia",1000m(2),w,RepSemifinals,1
2,10.25,1:14.25,1,10.46,1:14.19,3,10.20,1:14.26,4,15.06,1:33.21,2008-2009,"Samsung ISU World Cup 2008/2009, BUL, Sofia",1000m(2),w,RepSemifinals,1
1,9.84,1:24.09,3,10.27,1:24.46,2,10.20,1:24.46,4,12.61,1:45.83,2008-2009,"Samsung ISU World Cup 2008/2009, BUL, Sofia",1000m(2),w,RepSemifinals,1
1,10.23,1:34.312,2,11.20,1:35.656,0,,DQ,3,11.97,1:57.800,2008-2009,"Samsung ISU World Cup 2008/2009, BUL, Sofia",1000m(2),w,RepSemifinals,1
