START_POS_1 POSITION,START_POS_1 LAP TIME,START_POS_1 ELAPSED TIME,START_POS_2 POSITION,START_POS_2 LAP TIME,START_POS_2 ELAPSED TIME,START_POS_3 POSITION,START_POS_3 LAP TIME,START_POS_3 ELAPSED TIME,START_POS_4 POSITION,START_POS_4 LAP TIME,START_POS_4 ELAPSED TIME,START_POS_5 POSITION,START_POS_5 LAP TIME,START_POS_5 ELAPSED TIME,season,competition,event,gender,round,race
4,13.42,13.42,5,13.67,13.67,2,13.17,13.17,1,13.00,13.00,3,13.22,13.22,2008-2009,"2009 ISU World Championships, Austria",1000M,w,Preliminaries,6
4,10.04,23.47,5,10.34,24.01,1,9.88,23.06,2,10.12,23.12,3,10.08,23.31,2008-2009,"2009 ISU World Championships, Austria",1000M,w,Preliminaries,6
4,10.38,33.85,5,10.46,34.48,2,10.35,33.41,1,10.26,33.38,3,10.36,33.67,2008-2009,"2009 ISU World Championships, Austria",1000M,w,Preliminaries,6
4,10.20,44.06,5,10.47,44.95,2,10.20,43.62,1,10.22,43.61,3,10.29,43.96,2008-2009,"2009 ISU World Championships, Austria",1000M,w,Preliminaries,6
4,10.11,54.18,5,10.93,55.88,1,10.13,53.75,2,10.16,53.77,3,10.09,54.05,2008-2009,"2009 ISU World Championships, Austria",1000M,w,Preliminaries,6
4,10.51,1:04.70,5,11.33,1:07.21,2,10.17,1:03.92,1,10.03,1:03.80,3,10.02,1:04.07,2008-2009,"2009 ISU World Championships, Austria",1000M,w,Preliminaries,6
4,10.57,1:15.27,0,,,2,9.98,1:13.91,1,10.06,1:13.87,3,9.97,1:14.05,2008-2009,"2009 ISU World Championships, Austria",1000M,w,Preliminaries,6
4,11.25,1:26.53,5,0.00,1:31.26,1,9.90,1:23.81,2,10.36,1:24.23,3,10.33,1:24.39,2008-2009,"2009 ISU World Championships, Austria",1000M,w,Preliminaries,6
4,12.07,1:38.599,5,12.78,1:44.038,1,10.42,1:34.223,3,10.82,1:35.043,2,10.01,1:34.395,2008-2009,"2009 ISU World Championships, Austria",1000M,w,Preliminaries,6
