START_POS_1 POSITION,START_POS_1 LAP TIME,START_POS_1 ELAPSED TIME,START_POS_2 POSITION,START_POS_2 LAP TIME,START_POS_2 ELAPSED TIME,START_POS_3 POSITION,START_POS_3 LAP TIME,START_POS_3 ELAPSED TIME,START_POS_4 POSITION,START_POS_4 LAP TIME,START_POS_4 ELAPSED TIME,season,competition,event,gender,round,race
1,12.71,12.71,4,13.25,13.25,2,12.89,12.89,3,13.06,13.06,2008-2009,"Samsung ISU World Cup 2008/2009, CAN, BC, Vancouver",1000m(1),m,Preliminaries,2
1,9.96,22.68,4,9.81,23.07,3,9.92,22.81,2,9.64,22.71,2008-2009,"Samsung ISU World Cup 2008/2009, CAN, BC, Vancouver",1000m(1),m,Preliminaries,2
2,9.64,32.33,4,9.56,32.63,3,9.68,32.50,1,9.60,32.32,2008-2009,"Samsung ISU World Cup 2008/2009, CAN, BC, Vancouver",1000m(1),m,Preliminaries,2
2,9.60,41.93,4,9.70,42.34,3,9.66,42.16,1,9.60,41.92,2008-2009,"Samsung ISU World Cup 2008/2009, CAN, BC, Vancouver",1000m(1),m,Preliminaries,2
1,9.18,51.11,4,9.26,51.60,3,9.29,51.46,2,9.39,51.32,2008-2009,"Samsung ISU World Cup 2008/2009, CAN, BC, Vancouver",1000m(1),m,Preliminaries,2
1,9.35,1:00.46,4,9.39,1:00.99,3,9.36,1:00.82,2,9.37,1:00.69,2008-2009,"Samsung ISU World Cup 2008/2009, CAN, BC, Vancouver",1000m(1),m,Preliminaries,2
1,9.53,1:10.00,4,9.47,1:10.47,3,9.43,1:10.26,2,9.45,1:10.14,2008-2009,"Samsung ISU World Cup 2008/2009, CAN, BC, Vancouver",1000m(1),m,Preliminaries,2
1,9.39,1:19.40,4,9.55,1:20.03,3,9.57,1:19.83,2,9.40,1:19.55,2008-2009,"Samsung ISU World Cup 2008/2009, CAN, BC, Vancouver",1000m(1),m,Preliminaries,2
2,9.88,1:29.278,4,9.90,1:29.926,3,9.81,1:29.634,1,9.69,1:29.240,2008-2009,"Samsung ISU World Cup 2008/2009, CAN, BC, Vancouver",1000m(1),m,Preliminaries,2
