START_POS_1 POSITION,START_POS_1 LAP TIME,START_POS_1 ELAPSED TIME,START_POS_2 POSITION,START_POS_2 LAP TIME,START_POS_2 ELAPSED TIME,START_POS_3 POSITION,START_POS_3 LAP TIME,START_POS_3 ELAPSED TIME,START_POS_4 POSITION,START_POS_4 LAP TIME,START_POS_4 ELAPSED TIME,START_POS_5 POSITION,START_POS_5 LAP TIME,START_POS_5 ELAPSED TIME,season,competition,event,gender,round,race
4,14.80,14.80,2,14.49,14.49,5,15.83,15.83,3,14.60,14.60,1,13.96,13.96,2009-2010,"2010 ISU World Junior Championships, TPE, Taipei",1000m,m,Preliminaries,5
3,10.90,25.70,2,11.05,25.54,5,12.64,28.47,4,11.29,25.89,1,11.31,25.27,2009-2010,"2010 ISU World Junior Championships, TPE, Taipei",1000m,m,Preliminaries,5
3,11.27,36.97,2,11.43,36.97,5,12.63,41.10,4,11.33,37.22,1,11.36,36.63,2009-2010,"2010 ISU World Junior Championships, TPE, Taipei",1000m,m,Preliminaries,5
3,11.18,48.15,2,10.99,47.96,5,12.94,54.04,4,11.06,48.28,1,11.22,47.85,2009-2010,"2010 ISU World Junior Championships, TPE, Taipei",1000m,m,Preliminaries,5
3,10.72,58.87,2,10.88,58.84,5,13.21,1:07.25,4,10.82,59.10,1,10.84,58.69,2009-2010,"2010 ISU World Junior Championships, TPE, Taipei",1000m,m,Preliminaries,5
1,9.33,1:08.20,4,10.00,1:08.84,5,14.34,1:21.59,3,9.42,1:08.52,2,9.80,1:08.49,2009-2010,"2010 ISU World Junior Championships, TPE, Taipei",1000m,m,Preliminaries,5
1,9.37,1:17.57,4,9.76,1:18.60,5,13.35,1:34.94,2,9.29,1:17.81,3,9.46,1:17.95,2009-2010,"2010 ISU World Junior Championships, TPE, Taipei",1000m,m,Preliminaries,5
1,9.74,1:27.31,4,10.29,1:28.89,5,13.90,1:48.84,2,9.68,1:27.49,3,9.64,1:27.59,2009-2010,"2010 ISU World Junior Championships, TPE, Taipei",1000m,m,Preliminaries,5
1,9.96,1:37.269,4,10.87,1:39.756,5,13.85,2:02.688,2,9.84,1:37.321,3,9.91,1:37.495,2009-2010,"2010 ISU World Junior Championships, TPE, Taipei",1000m,m,Preliminaries,5
