START_POS_1 POSITION,START_POS_1 LAP TIME,START_POS_1 ELAPSED TIME,START_POS_2 POSITION,START_POS_2 LAP TIME,START_POS_2 ELAPSED TIME,START_POS_3 POSITION,START_POS_3 LAP TIME,START_POS_3 ELAPSED TIME,START_POS_4 POSITION,START_POS_4 LAP TIME,START_POS_4 ELAPSED TIME,season,competition,event,gender,round,race
3,13.26,13.26,2,12.99,12.99,4,13.33,13.33,1,12.94,12.94,2009-2010,"ISU World Cup 2009/2010, CAN, Montreal",1000m,w,Preliminaries,10
3,10.06,23.32,1,10.13,23.12,4,10.23,23.56,2,10.31,23.25,2009-2010,"ISU World Cup 2009/2010, CAN, Montreal",1000m,w,Preliminaries,10
3,10.15,33.47,1,9.99,33.11,4,9.94,33.50,2,10.12,33.37,2009-2010,"ISU World Cup 2009/2010, CAN, Montreal",1000m,w,Preliminaries,10
4,9.64,43.11,1,9.60,42.71,3,9.54,43.04,2,9.60,42.97,2009-2010,"ISU World Cup 2009/2010, CAN, Montreal",1000m,w,Preliminaries,10
3,9.77,52.88,1,9.80,52.51,4,9.86,52.90,2,9.84,52.81,2009-2010,"ISU World Cup 2009/2010, CAN, Montreal",1000m,w,Preliminaries,10
4,10.28,1:03.16,1,9.83,1:02.34,2,9.81,1:02.71,3,10.01,1:02.82,2009-2010,"ISU World Cup 2009/2010, CAN, Montreal",1000m,w,Preliminaries,10
4,10.03,1:13.19,1,10.04,1:12.38,3,9.98,1:12.69,2,9.86,1:12.68,2009-2010,"ISU World Cup 2009/2010, CAN, Montreal",1000m,w,Preliminaries,10
4,9.98,1:23.17,1,10.08,1:22.46,3,10.14,1:22.83,2,9.89,1:22.57,2009-2010,"ISU World Cup 2009/2010, CAN, Montreal",1000m,w,Preliminaries,10
4,10.03,1:33.200,1,10.31,1:32.770,3,10.30,1:33.129,2,10.33,1:32.898,2009-2010,"ISU World Cup 2009/2010, CAN, Montreal",1000m,w,Preliminaries,10
