START_POS_1 POSITION,START_POS_1 LAP TIME,START_POS_1 ELAPSED TIME,START_POS_2 POSITION,START_POS_2 LAP TIME,START_POS_2 ELAPSED TIME,START_POS_3 POSITION,START_POS_3 LAP TIME,START_POS_3 ELAPSED TIME,START_POS_4 POSITION,START_POS_4 LAP TIME,START_POS_4 ELAPSED TIME,season,competition,event,gender,round,race
2,13.37,13.37,1,12.84,12.84,3,13.45,13.45,4,13.68,13.68,2009-2010,"ISU World Cup 2009/2010, CAN, Montreal",1000m,w,Pre-Preliminaries,16
2,10.20,23.57,1,10.35,23.19,3,10.22,23.67,4,10.27,23.95,2009-2010,"ISU World Cup 2009/2010, CAN, Montreal",1000m,w,Pre-Preliminaries,16
2,10.58,34.15,1,10.70,33.89,3,10.56,34.23,4,10.49,34.44,2009-2010,"ISU World Cup 2009/2010, CAN, Montreal",1000m,w,Pre-Preliminaries,16
2,10.78,44.93,1,10.75,44.64,3,10.74,44.97,4,10.85,45.29,2009-2010,"ISU World Cup 2009/2010, CAN, Montreal",1000m,w,Pre-Preliminaries,16
3,10.42,55.35,1,10.45,55.09,2,10.37,55.34,4,10.50,55.79,2009-2010,"ISU World Cup 2009/2010, CAN, Montreal",1000m,w,Pre-Preliminaries,16
2,9.79,1:05.14,1,9.99,1:05.08,3,9.96,1:05.30,4,10.22,1:06.01,2009-2010,"ISU World Cup 2009/2010, CAN, Montreal",1000m,w,Pre-Preliminaries,16
1,9.63,1:14.77,3,10.11,1:15.19,2,9.47,1:14.77,4,10.28,1:16.29,2009-2010,"ISU World Cup 2009/2010, CAN, Montreal",1000m,w,Pre-Preliminaries,16
1,9.78,1:24.55,3,10.19,1:25.38,2,9.79,1:24.56,4,10.68,1:26.97,2009-2010,"ISU World Cup 2009/2010, CAN, Montreal",1000m,w,Pre-Preliminaries,16
1,9.88,1:34.430,3,10.66,1:36.032,2,10.05,1:34.609,4,11.14,1:38.104,2009-2010,"ISU World Cup 2009/2010, CAN, Montreal",1000m,w,Pre-Preliminaries,16
