Erika HUSZAR POSITION,Erika HUSZAR LAP TIME,Erika HUSZAR ELAPSED TIME,Aika KLEIN POSITION,Aika KLEIN LAP TIME,Aika KLEIN ELAPSED TIME,LIU Qiuhong POSITION,LIU Qiuhong LAP TIME,LIU Qiuhong ELAPSED TIME
2,14.49,14.49,1,14.38,14.38,3,14.65,14.65
2,11.66,26.15,1,11.63,26.01,3,11.69,26.34
2,11.42,37.57,1,11.50,37.51,3,11.39,37.73
2,10.04,47.61,1,10.00,47.51,3,10.03,47.76
2,10.01,57.62,1,10.05,57.56,3,10.07,57.83
1,9.82,1:07.44,2,9.91,1:07.47,3,9.82,1:07.65
1,9.90,1:17.34,2,10.00,1:17.47,3,9.85,1:17.50
2,10.26,1:27.60,3,10.27,1:27.74,1,9.67,1:27.17
3,10.44,1:38.033,2,10.28,1:38.020,1,10.22,1:37.388
