START_POS_1 POSITION,START_POS_1 LAP TIME,START_POS_1 ELAPSED TIME,START_POS_2 POSITION,START_POS_2 LAP TIME,START_POS_2 ELAPSED TIME,START_POS_3 POSITION,START_POS_3 LAP TIME,START_POS_3 ELAPSED TIME,START_POS_4 POSITION,START_POS_4 LAP TIME,START_POS_4 ELAPSED TIME,season,competition,event,gender,round,race
1,13.05,13.05,2,13.44,13.44,,,,3,13.81,13.81,2009-2010,"ISU World Cup 2009/2010, USA, Marquette",1000m,m,Races,14
1,9.72,22.77,2,9.78,23.22,,,,3,9.72,23.53,2009-2010,"ISU World Cup 2009/2010, USA, Marquette",1000m,m,Races,14
1,9.90,32.67,3,9.82,33.04,2,,33.03,4,9.79,33.32,2009-2010,"ISU World Cup 2009/2010, USA, Marquette",1000m,m,Races,14
1,9.60,42.27,2,9.63,42.67,3,9.75,42.78,4,9.58,42.90,2009-2010,"ISU World Cup 2009/2010, USA, Marquette",1000m,m,Races,14
1,9.52,51.79,2,9.25,51.92,3,9.24,52.02,4,9.34,52.24,2009-2010,"ISU World Cup 2009/2010, USA, Marquette",1000m,m,Races,14
1,9.28,1:01.07,4,9.70,1:01.62,2,9.32,1:01.34,3,9.27,1:01.51,2009-2010,"ISU World Cup 2009/2010, USA, Marquette",1000m,m,Races,14
1,9.27,1:10.34,4,9.44,1:11.06,2,9.22,1:10.56,3,9.28,1:10.79,2009-2010,"ISU World Cup 2009/2010, USA, Marquette",1000m,m,Races,14
3,9.53,1:19.87,4,9.42,1:20.48,2,9.15,1:19.71,1,8.76,1:19.55,2009-2010,"ISU World Cup 2009/2010, USA, Marquette",1000m,m,Races,14
3,9.81,1:29.677,4,10.84,1:31.314,2,9.05,1:28.754,1,9.03,1:28.579,2009-2010,"ISU World Cup 2009/2010, USA, Marquette",1000m,m,Races,14
