START_POS_1 POSITION,START_POS_1 LAP TIME,START_POS_1 ELAPSED TIME,START_POS_2 POSITION,START_POS_2 LAP TIME,START_POS_2 ELAPSED TIME,START_POS_3 POSITION,START_POS_3 LAP TIME,START_POS_3 ELAPSED TIME,START_POS_4 POSITION,START_POS_4 LAP TIME,START_POS_4 ELAPSED TIME,season,competition,event,gender,round,race
3,14.56,14.56,2,14.41,14.41,4,14.68,14.68,1,14.34,14.34,2009-2010,"ISU World Cup 2009/2010, USA, Marquette",1000m,w,Pre-Preliminaries,10
4,11.02,25.58,2,10.92,25.33,3,10.87,25.55,1,10.89,25.23,2009-2010,"ISU World Cup 2009/2010, USA, Marquette",1000m,w,Pre-Preliminaries,10
4,10.98,36.56,1,10.88,36.21,3,10.89,36.44,2,11.05,36.28,2009-2010,"ISU World Cup 2009/2010, USA, Marquette",1000m,w,Pre-Preliminaries,10
4,10.66,47.22,2,10.68,46.89,3,10.68,47.12,1,10.59,46.87,2009-2010,"ISU World Cup 2009/2010, USA, Marquette",1000m,w,Pre-Preliminaries,10
4,10.72,57.94,1,10.60,57.49,3,10.67,57.79,2,10.73,57.60,2009-2010,"ISU World Cup 2009/2010, USA, Marquette",1000m,w,Pre-Preliminaries,10
4,10.73,1:08.67,1,10.10,1:07.59,3,10.16,1:07.95,2,10.21,1:07.81,2009-2010,"ISU World Cup 2009/2010, USA, Marquette",1000m,w,Pre-Preliminaries,10
4,11.18,1:19.85,1,9.80,1:17.39,3,9.75,1:17.70,2,9.70,1:17.51,2009-2010,"ISU World Cup 2009/2010, USA, Marquette",1000m,w,Pre-Preliminaries,10
4,11.55,1:31.40,1,9.71,1:27.10,3,9.52,1:27.22,2,9.59,1:27.10,2009-2010,"ISU World Cup 2009/2010, USA, Marquette",1000m,w,Pre-Preliminaries,10
4,12.10,1:43.496,1,9.61,1:36.702,3,9.72,1:36.932,2,9.70,1:36.800,2009-2010,"ISU World Cup 2009/2010, USA, Marquette",1000m,w,Pre-Preliminaries,10
