START_POS_1 POSITION,START_POS_1 LAP TIME,START_POS_1 ELAPSED TIME,START_POS_2 POSITION,START_POS_2 LAP TIME,START_POS_2 ELAPSED TIME,START_POS_3 POSITION,START_POS_3 LAP TIME,START_POS_3 ELAPSED TIME,START_POS_4 POSITION,START_POS_4 LAP TIME,START_POS_4 ELAPSED TIME,START_POS_5 POSITION,START_POS_5 LAP TIME,START_POS_5 ELAPSED TIME,season,competition,event,gender,round,race
2,14.08,14.08,3,14.22,14.22,4,14.28,14.28,5,14.42,14.42,1,13.96,13.96,2009-2010,"2010 ISU European Championships, GER, Dresden",1000m,w,Heats,3
2,10.69,24.77,3,10.70,24.92,4,10.78,25.06,5,10.77,25.19,1,10.71,24.67,2009-2010,"2010 ISU European Championships, GER, Dresden",1000m,w,Heats,3
1,10.19,34.96,3,10.33,35.25,4,10.29,35.35,5,10.56,35.75,2,10.44,35.11,2009-2010,"2010 ISU European Championships, GER, Dresden",1000m,w,Heats,3
1,9.73,44.69,3,9.69,44.94,4,9.70,45.05,5,10.52,46.27,2,9.71,44.82,2009-2010,"2010 ISU European Championships, GER, Dresden",1000m,w,Heats,3
1,9.84,54.53,3,9.81,54.75,4,9.80,54.85,5,10.97,57.24,2,9.83,54.65,2009-2010,"2010 ISU European Championships, GER, Dresden",1000m,w,Heats,3
1,9.99,1:04.52,3,9.96,1:04.71,4,9.93,1:04.78,5,11.46,1:08.70,2,9.96,1:04.61,2009-2010,"2010 ISU European Championships, GER, Dresden",1000m,w,Heats,3
3,10.23,1:14.75,1,9.95,1:14.66,4,10.16,1:14.94,5,11.87,1:20.57,2,10.14,1:14.75,2009-2010,"2010 ISU European Championships, GER, Dresden",1000m,w,Heats,3
3,10.08,1:24.83,1,9.62,1:24.28,4,10.00,1:24.94,5,12.08,1:32.65,2,9.66,1:24.41,2009-2010,"2010 ISU European Championships, GER, Dresden",1000m,w,Heats,3
3,10.33,1:35.151,1,10.03,1:34.305,4,10.26,1:35.200,5,12.58,1:45.221,2,10.06,1:34.463,2009-2010,"2010 ISU European Championships, GER, Dresden",1000m,w,Heats,3
