START_POS_1 POSITION,START_POS_1 LAP TIME,START_POS_1 ELAPSED TIME,START_POS_2 POSITION,START_POS_2 LAP TIME,START_POS_2 ELAPSED TIME,START_POS_3 POSITION,START_POS_3 LAP TIME,START_POS_3 ELAPSED TIME,START_POS_4 POSITION,START_POS_4 LAP TIME,START_POS_4 ELAPSED TIME,season,competition,event,gender,round,race
,,,1,16.91,16.91,2,17.14,17.14,3,17.31,17.31,2009-2010,"2010 ISU World Championships, BUL, Sofia",1000m,m,Semifinals,2
,,,2,13.39,30.30,1,13.11,30.25,3,13.14,30.45,2009-2010,"2010 ISU World Championships, BUL, Sofia",1000m,m,Semifinals,2
,,,3,11.27,41.57,1,11.23,41.48,2,11.03,41.48,2009-2010,"2010 ISU World Championships, BUL, Sofia",1000m,m,Semifinals,2
,,,2,9.84,51.41,1,9.85,51.33,3,9.94,51.42,2009-2010,"2010 ISU World Championships, BUL, Sofia",1000m,m,Semifinals,2
,,,2,9.71,1:01.12,1,9.65,1:00.98,3,9.82,1:01.24,2009-2010,"2010 ISU World Championships, BUL, Sofia",1000m,m,Semifinals,2
,,,2,9.37,1:10.49,1,9.47,1:10.45,3,9.28,1:10.52,2009-2010,"2010 ISU World Championships, BUL, Sofia",1000m,m,Semifinals,2
,,,3,9.57,1:20.06,1,9.09,1:19.54,2,9.08,1:19.60,2009-2010,"2010 ISU World Championships, BUL, Sofia",1000m,m,Semifinals,2
,,,3,10.21,1:30.27,1,8.93,1:28.47,2,9.04,1:28.64,2009-2010,"2010 ISU World Championships, BUL, Sofia",1000m,m,Semifinals,2
0,,DNF,3,11.54,1:41.801,1,9.40,1:37.869,2,10.01,1:38.646,2009-2010,"2010 ISU World Championships, BUL, Sofia",1000m,m,Semifinals,2
