START_POS_1 POSITION,START_POS_1 LAP TIME,START_POS_1 ELAPSED TIME,START_POS_2 POSITION,START_POS_2 LAP TIME,START_POS_2 ELAPSED TIME,START_POS_3 POSITION,START_POS_3 LAP TIME,START_POS_3 ELAPSED TIME,START_POS_4 POSITION,START_POS_4 LAP TIME,START_POS_4 ELAPSED TIME,season,competition,event,gender,round,race
,,,2,13.30,13.30,1,13.20,13.20,3,13.63,13.63,2009-2010,"ISU World Cup 2009/2010, CAN, Montreal",1000m,m,Preliminaries,2
,,,1,9.80,23.10,2,9.90,23.10,3,9.67,23.30,2009-2010,"ISU World Cup 2009/2010, CAN, Montreal",1000m,m,Preliminaries,2
,,,1,9.65,32.75,2,9.71,32.81,3,9.74,33.04,2009-2010,"ISU World Cup 2009/2010, CAN, Montreal",1000m,m,Preliminaries,2
,,,2,9.55,42.30,1,9.47,42.28,3,9.47,42.51,2009-2010,"ISU World Cup 2009/2010, CAN, Montreal",1000m,m,Preliminaries,2
,,,1,9.37,51.67,2,9.41,51.69,3,9.46,51.97,2009-2010,"ISU World Cup 2009/2010, CAN, Montreal",1000m,m,Preliminaries,2
,,,1,9.31,1:00.98,2,9.49,1:01.18,3,9.37,1:01.34,2009-2010,"ISU World Cup 2009/2010, CAN, Montreal",1000m,m,Preliminaries,2
,,,1,9.00,1:09.98,3,9.31,1:10.49,2,9.05,1:10.39,2009-2010,"ISU World Cup 2009/2010, CAN, Montreal",1000m,m,Preliminaries,2
,,,1,9.27,1:19.25,3,9.65,1:20.14,2,9.23,1:19.62,2009-2010,"ISU World Cup 2009/2010, CAN, Montreal",1000m,m,Preliminaries,2
0,,DNF,1,9.52,1:28.762,3,9.77,1:29.909,2,9.51,1:29.125,2009-2010,"ISU World Cup 2009/2010, CAN, Montreal",1000m,m,Preliminaries,2
