START_POS_1 POSITION,START_POS_1 LAP TIME,START_POS_1 ELAPSED TIME,START_POS_2 POSITION,START_POS_2 LAP TIME,START_POS_2 ELAPSED TIME,START_POS_3 POSITION,START_POS_3 LAP TIME,START_POS_3 ELAPSED TIME,START_POS_4 POSITION,START_POS_4 LAP TIME,START_POS_4 ELAPSED TIME,START_POS_5 POSITION,START_POS_5 LAP TIME,START_POS_5 ELAPSED TIME,season,competition,event,gender,round,race
4,14.15,14.15,2,13.72,13.72,1,13.60,13.60,3,13.92,13.92,5,14.70,14.70,2009-2010,"2010 ISU European Championships, GER, Dresden",1000m,w,Heats,1
4,10.25,24.40,3,10.36,24.08,2,10.36,23.96,1,10.02,23.94,5,11.67,26.37,2009-2010,"2010 ISU European Championships, GER, Dresden",1000m,w,Heats,1
4,10.15,34.55,3,9.90,33.98,1,9.93,33.89,2,9.99,33.93,5,11.73,38.10,2009-2010,"2010 ISU European Championships, GER, Dresden",1000m,w,Heats,1
5,20.68,55.23,2,9.68,43.66,1,9.75,43.64,3,9.79,43.72,4,11.75,49.85,2009-2010,"2010 ISU European Championships, GER, Dresden",1000m,w,Heats,1
5,22.11,1:17.34,3,10.08,53.74,2,10.03,53.67,1,9.85,53.57,4,12.17,1:02.02,2009-2010,"2010 ISU European Championships, GER, Dresden",1000m,w,Heats,1
5,16.64,1:33.98,3,10.21,1:03.95,2,10.17,1:03.84,1,10.17,1:03.74,4,12.97,1:14.99,2009-2010,"2010 ISU European Championships, GER, Dresden",1000m,w,Heats,1
5,15.69,1:49.67,3,10.06,1:14.01,1,9.86,1:13.70,2,10.11,1:13.85,4,12.66,1:27.65,2009-2010,"2010 ISU European Championships, GER, Dresden",1000m,w,Heats,1
5,15.02,2:04.69,3,10.13,1:24.14,1,10.06,1:23.76,2,10.19,1:24.04,4,12.99,1:40.64,2009-2010,"2010 ISU European Championships, GER, Dresden",1000m,w,Heats,1
5,14.27,2:18.958,3,10.44,1:34.574,1,10.28,1:34.039,2,10.49,1:34.524,4,13.63,1:54.262,2009-2010,"2010 ISU European Championships, GER, Dresden",1000m,w,Heats,1
