Bernadett HEIDUM POSITION,Bernadett HEIDUM LAP TIME,Bernadett HEIDUM ELAPSED TIME,Marie-Eve DROLET POSITION,Marie-Eve DROLET LAP TIME,Marie-Eve DROLET ELAPSED TIME,Jorien ter MORS POSITION,Jorien ter MORS LAP TIME,Jorien ter MORS ELAPSED TIME,Lia STEPANOVA POSITION,Lia STEPANOVA LAP TIME,Lia STEPANOVA ELAPSED TIME
2,13.19,13.19,1,13.10,13.10,4,26.21,26.21,3,13.37,13.37
2,10.22,23.41,1,10.26,23.36,4,12.84,39.05,3,10.12,23.49
1,10.11,33.52,2,10.29,33.65,4,11.62,50.67,3,10.27,33.76
1,9.96,43.48,3,9.90,43.55,4,11.61,1:02.28,2,9.79,43.55
2,10.30,53.78,3,10.29,53.84,4,12.54,1:14.82,1,10.19,53.74
1,9.82,1:03.60,2,9.90,1:03.74,4,10.96,1:25.78,3,10.31,1:04.05
1,9.85,1:13.45,2,9.84,1:13.58,4,11.07,1:36.85,3,10.45,1:14.50
1,9.89,1:23.34,2,9.82,1:23.40,4,10.77,1:47.62,3,10.89,1:25.39
2,10.35,1:33.688,1,10.11,1:33.503,4,11.23,1:58.849,3,11.38,1:36.766
