START_POS_1 POSITION,START_POS_1 LAP TIME,START_POS_1 ELAPSED TIME,START_POS_2 POSITION,START_POS_2 LAP TIME,START_POS_2 ELAPSED TIME,START_POS_3 POSITION,START_POS_3 LAP TIME,START_POS_3 ELAPSED TIME,START_POS_4 POSITION,START_POS_4 LAP TIME,START_POS_4 ELAPSED TIME,season,competition,event,gender,round,race
3,13.10,13.10,2,12.99,12.99,4,13.19,13.19,1,12.88,12.88,2010-2011,"ISU World Cup 2010/2011, GER, Dresden",1000m,m,RepHeats,1
3,9.71,22.81,2,9.68,22.67,4,9.77,22.96,1,9.66,22.54,2010-2011,"ISU World Cup 2010/2011, GER, Dresden",1000m,m,RepHeats,1
3,9.71,32.52,2,9.73,32.40,4,9.70,32.66,1,9.76,32.30,2010-2011,"ISU World Cup 2010/2011, GER, Dresden",1000m,m,RepHeats,1
3,9.61,42.13,2,9.65,42.05,4,9.61,42.27,1,9.65,41.95,2010-2011,"ISU World Cup 2010/2011, GER, Dresden",1000m,m,RepHeats,1
3,9.72,51.85,2,9.78,51.83,4,9.80,52.07,1,9.76,51.71,2010-2011,"ISU World Cup 2010/2011, GER, Dresden",1000m,m,RepHeats,1
1,9.01,1:00.86,3,9.29,1:01.12,4,9.31,1:01.38,2,9.25,1:00.96,2010-2011,"ISU World Cup 2010/2011, GER, Dresden",1000m,m,RepHeats,1
1,9.26,1:10.12,3,9.24,1:10.36,4,9.55,1:10.93,2,9.30,1:10.26,2010-2011,"ISU World Cup 2010/2011, GER, Dresden",1000m,m,RepHeats,1
1,9.35,1:19.47,3,9.37,1:19.73,4,9.65,1:20.58,2,9.32,1:19.58,2010-2011,"ISU World Cup 2010/2011, GER, Dresden",1000m,m,RepHeats,1
1,9.44,1:28.907,3,9.31,1:29.039,4,9.95,1:30.528,2,9.40,1:28.978,2010-2011,"ISU World Cup 2010/2011, GER, Dresden",1000m,m,RepHeats,1
