START_POS_1 POSITION,START_POS_1 LAP TIME,START_POS_1 ELAPSED TIME,START_POS_2 POSITION,START_POS_2 LAP TIME,START_POS_2 ELAPSED TIME,START_POS_3 POSITION,START_POS_3 LAP TIME,START_POS_3 ELAPSED TIME,START_POS_4 POSITION,START_POS_4 LAP TIME,START_POS_4 ELAPSED TIME,season,competition,event,gender,round,race
3,13.70,13.70,4,13.79,13.79,1,13.62,13.62,2,13.65,13.65,2010-2011,"ISU World Cup 2010/2011, CAN, Quebec City",1000m(1),w,RepSemifinals,1
3,10.23,23.93,4,10.22,24.01,2,10.24,23.86,1,10.18,23.83,2010-2011,"ISU World Cup 2010/2011, CAN, Quebec City",1000m(1),w,RepSemifinals,1
3,10.34,34.27,4,10.37,34.38,1,10.24,34.10,2,10.37,34.20,2010-2011,"ISU World Cup 2010/2011, CAN, Quebec City",1000m(1),w,RepSemifinals,1
3,10.08,44.35,4,9.99,44.37,1,10.06,44.16,2,10.06,44.26,2010-2011,"ISU World Cup 2010/2011, CAN, Quebec City",1000m(1),w,RepSemifinals,1
3,9.93,54.28,4,10.01,54.38,1,9.84,54.00,2,9.89,54.15,2010-2011,"ISU World Cup 2010/2011, CAN, Quebec City",1000m(1),w,RepSemifinals,1
3,9.86,1:04.14,4,9.84,1:04.22,1,9.96,1:03.96,2,9.92,1:04.07,2010-2011,"ISU World Cup 2010/2011, CAN, Quebec City",1000m(1),w,RepSemifinals,1
3,9.97,1:14.11,4,10.00,1:14.22,1,10.01,1:13.97,2,10.01,1:14.08,2010-2011,"ISU World Cup 2010/2011, CAN, Quebec City",1000m(1),w,RepSemifinals,1
3,10.23,1:24.34,4,10.16,1:24.38,1,10.12,1:24.09,2,10.18,1:24.26,2010-2011,"ISU World Cup 2010/2011, CAN, Quebec City",1000m(1),w,RepSemifinals,1
4,10.61,1:34.949,3,10.26,1:34.635,1,10.37,1:34.455,2,10.34,1:34.598,2010-2011,"ISU World Cup 2010/2011, CAN, Quebec City",1000m(1),w,RepSemifinals,1
