Jessica HEWITT POSITION,Jessica HEWITT LAP TIME,Jessica HEWITT ELAPSED TIME,KIM Dam Min POSITION,KIM Dam Min LAP TIME,KIM Dam Min ELAPSED TIME,Jorien ter MORS POSITION,Jorien ter MORS LAP TIME,Jorien ter MORS ELAPSED TIME,Charlotte GILMARTIN POSITION,Charlotte GILMARTIN LAP TIME,Charlotte GILMARTIN ELAPSED TIME
1,13.41,13.41,3,13.80,13.80,2,13.61,13.61,4,13.90,13.90
1,9.95,23.36,3,9.82,23.62,2,9.85,23.46,4,9.90,23.80
1,9.80,33.16,3,9.85,33.47,2,9.88,33.34,4,9.78,33.58
1,9.92,43.08,3,9.94,43.41,2,9.93,43.27,4,9.95,43.53
1,9.86,52.94,2,9.65,53.06,3,9.82,53.09,4,10.03,53.56
2,9.45,1:02.39,1,9.32,1:02.38,3,9.45,1:02.54,4,10.54,1:04.10
2,9.75,1:12.14,1,9.71,1:12.09,3,9.76,1:12.30,4,12.02,1:16.12
1,9.92,1:22.06,2,10.00,1:22.09,3,9.95,1:22.25,4,13.77,1:29.89
2,10.36,1:32.416,1,10.26,1:32.343,3,10.28,1:32.523,4,14.88,1:44.769
