Freek van der WART POSITION,Freek van der WART LAP TIME,Freek van der WART ELAPSED TIME,HAMELIN Charles POSITION,HAMELIN Charles LAP TIME,HAMELIN Charles ELAPSED TIME,Takahiro FUJIMOTO POSITION,Takahiro FUJIMOTO LAP TIME,Takahiro FUJIMOTO ELAPSED TIME,Evgenii KOZULIN POSITION,Evgenii KOZULIN LAP TIME,Evgenii KOZULIN ELAPSED TIME
3,12.94,12.94,2,12.78,12.78,1,12.68,12.68,4,13.12,13.12
4,9.84,22.78,2,9.88,22.66,1,9.86,22.54,3,9.62,22.74
4,9.93,32.71,2,9.85,32.51,1,9.89,32.43,3,9.87,32.61
4,9.84,42.55,2,9.83,42.34,1,9.84,42.27,3,9.83,42.44
4,9.56,52.11,2,9.58,51.92,1,9.57,51.84,3,9.56,52.00
3,8.98,1:01.09,1,8.99,1:00.91,2,9.19,1:01.03,4,9.11,1:01.11
3,9.19,1:10.28,1,9.02,1:09.93,2,9.11,1:10.14,4,9.32,1:10.43
4,9.18,1:19.46,1,8.72,1:18.65,3,9.19,1:19.33,2,8.89,1:19.32
4,9.62,1:29.078,1,9.19,1:27.836,3,9.67,1:28.999,2,9.34,1:28.658
