START_POS_1 POSITION,START_POS_1 LAP TIME,START_POS_1 ELAPSED TIME,START_POS_2 POSITION,START_POS_2 LAP TIME,START_POS_2 ELAPSED TIME,START_POS_3 POSITION,START_POS_3 LAP TIME,START_POS_3 ELAPSED TIME,START_POS_4 POSITION,START_POS_4 LAP TIME,START_POS_4 ELAPSED TIME,START_POS_5 POSITION,START_POS_5 LAP TIME,START_POS_5 ELAPSED TIME,season,competition,event,gender,round,race
3,12.60,12.60,4,12.66,12.66,1,12.41,12.41,5,12.76,12.76,2,12.50,12.50,2010-2011,"2011 ISU World Short Track Championships, Sheffield, GBR",1000m,m,Quarterfinals,3
5,10.25,22.85,4,10.15,22.81,1,10.16,22.57,3,10.00,22.76,2,10.17,22.67,2010-2011,"2011 ISU World Short Track Championships, Sheffield, GBR",1000m,m,Quarterfinals,3
5,9.94,32.79,2,9.67,32.48,1,9.82,32.39,4,9.92,32.68,3,9.90,32.57,2010-2011,"2011 ISU World Short Track Championships, Sheffield, GBR",1000m,m,Quarterfinals,3
5,9.40,42.19,2,9.48,41.96,1,9.50,41.89,4,9.49,42.17,3,9.50,42.07,2010-2011,"2011 ISU World Short Track Championships, Sheffield, GBR",1000m,m,Quarterfinals,3
5,9.37,51.56,2,9.34,51.30,1,9.33,51.22,4,9.35,51.52,3,9.33,51.40,2010-2011,"2011 ISU World Short Track Championships, Sheffield, GBR",1000m,m,Quarterfinals,3
5,9.40,1:00.96,2,9.42,1:00.72,1,9.41,1:00.63,4,9.38,1:00.90,3,9.39,1:00.79,2010-2011,"2011 ISU World Short Track Championships, Sheffield, GBR",1000m,m,Quarterfinals,3
4,9.26,1:10.22,3,9.44,1:10.16,1,9.45,1:10.08,5,9.45,1:10.35,2,9.36,1:10.15,2010-2011,"2011 ISU World Short Track Championships, Sheffield, GBR",1000m,m,Quarterfinals,3
1,9.20,1:19.42,4,9.60,1:19.76,2,9.48,1:19.56,5,9.60,1:19.95,3,9.44,1:19.59,2010-2011,"2011 ISU World Short Track Championships, Sheffield, GBR",1000m,m,Quarterfinals,3
1,9.44,1:28.860,3,9.92,1:29.679,0,,PEN,4,9.74,1:29.683,2,10.02,1:29.604,2010-2011,"2011 ISU World Short Track Championships, Sheffield, GBR",1000m,m,Quarterfinals,3
