START_POS_1 POSITION,START_POS_1 LAP TIME,START_POS_1 ELAPSED TIME,START_POS_2 POSITION,START_POS_2 LAP TIME,START_POS_2 ELAPSED TIME,START_POS_3 POSITION,START_POS_3 LAP TIME,START_POS_3 ELAPSED TIME,START_POS_4 POSITION,START_POS_4 LAP TIME,START_POS_4 ELAPSED TIME,season,competition,event,gender,round,race
1,13.16,13.16,2,13.23,13.23,3,13.35,13.35,4,13.52,13.52,2010-2011,"ISU World Cup 2010/2011, CAN, Quebec City",1000m(2),w,Preliminaries,1
1,10.30,23.46,2,10.31,23.54,3,10.29,23.64,4,10.23,23.75,2010-2011,"ISU World Cup 2010/2011, CAN, Quebec City",1000m(2),w,Preliminaries,1
2,10.44,33.90,3,10.45,33.99,4,10.46,34.10,1,10.11,33.86,2010-2011,"ISU World Cup 2010/2011, CAN, Quebec City",1000m(2),w,Preliminaries,1
1,9.60,43.50,3,9.72,43.71,4,9.70,43.80,2,9.66,43.52,2010-2011,"ISU World Cup 2010/2011, CAN, Quebec City",1000m(2),w,Preliminaries,1
1,9.68,53.18,2,9.53,53.24,4,9.60,53.40,3,9.80,53.32,2010-2011,"ISU World Cup 2010/2011, CAN, Quebec City",1000m(2),w,Preliminaries,1
1,9.59,1:02.77,2,9.61,1:02.85,4,9.70,1:03.10,3,9.67,1:02.99,2010-2011,"ISU World Cup 2010/2011, CAN, Quebec City",1000m(2),w,Preliminaries,1
1,9.74,1:12.51,2,9.75,1:12.60,4,9.70,1:12.80,3,9.75,1:12.74,2010-2011,"ISU World Cup 2010/2011, CAN, Quebec City",1000m(2),w,Preliminaries,1
1,9.67,1:22.18,2,9.66,1:22.26,4,9.71,1:22.51,3,9.69,1:22.43,2010-2011,"ISU World Cup 2010/2011, CAN, Quebec City",1000m(2),w,Preliminaries,1
1,9.86,1:32.031,2,9.86,1:32.119,3,9.78,1:32.286,4,9.95,1:32.377,2010-2011,"ISU World Cup 2010/2011, CAN, Quebec City",1000m(2),w,Preliminaries,1
