Oleksiy KOSHELENKO POSITION,Oleksiy KOSHELENKO LAP TIME,Oleksiy KOSHELENKO ELAPSED TIME,Torsten KROEGER POSITION,Torsten KROEGER LAP TIME,Torsten KROEGER ELAPSED TIME,Yu MIURA POSITION,Yu MIURA LAP TIME,Yu MIURA ELAPSED TIME,SAULITIS Jekabs POSITION,SAULITIS Jekabs LAP TIME,SAULITIS Jekabs ELAPSED TIME
1,12.71,12.71,4,13.18,13.18,3,13.06,13.06,2,12.83,12.83
1,9.69,22.40,4,9.56,22.74,3,9.57,22.63,2,9.66,22.49
1,9.35,31.75,4,9.38,32.12,3,9.36,31.99,2,9.37,31.86
1,9.31,41.06,4,9.28,41.40,3,9.27,41.26,2,9.22,41.08
4,9.99,51.05,3,9.48,50.88,1,9.53,50.79,2,9.80,50.88
4,9.99,1:01.04,2,9.74,1:00.62,1,9.73,1:00.52,3,9.95,1:00.83
4,9.86,1:10.90,2,9.66,1:10.28,1,9.71,1:10.23,3,9.56,1:10.39
4,10.04,1:20.94,3,10.24,1:20.52,1,9.87,1:20.10,2,9.84,1:20.23
3,10.22,1:31.155,0,,PEN,1,10.52,1:30.619,2,10.45,1:30.675
