START_POS_1 POSITION,START_POS_1 LAP TIME,START_POS_1 ELAPSED TIME,START_POS_2 POSITION,START_POS_2 LAP TIME,START_POS_2 ELAPSED TIME,START_POS_3 POSITION,START_POS_3 LAP TIME,START_POS_3 ELAPSED TIME,START_POS_4 POSITION,START_POS_4 LAP TIME,START_POS_4 ELAPSED TIME,season,competition,event,gender,round,race
3,13.98,13.98,1,13.81,13.81,4,14.06,14.06,2,13.89,13.89,2010-2011,"ISU World Cup 2010/2011, CAN, Quebec City",1000m(2),w,Heats,4
3,10.40,24.38,2,10.48,24.29,4,10.32,24.38,1,10.38,24.27,2010-2011,"ISU World Cup 2010/2011, CAN, Quebec City",1000m(2),w,Heats,4
3,10.04,34.42,2,10.00,34.29,4,10.16,34.54,1,9.92,34.19,2010-2011,"ISU World Cup 2010/2011, CAN, Quebec City",1000m(2),w,Heats,4
3,10.02,44.44,1,9.97,44.26,4,10.02,44.56,2,10.08,44.27,2010-2011,"ISU World Cup 2010/2011, CAN, Quebec City",1000m(2),w,Heats,4
3,10.00,54.44,1,9.99,54.25,4,9.99,54.55,2,10.07,54.34,2010-2011,"ISU World Cup 2010/2011, CAN, Quebec City",1000m(2),w,Heats,4
3,10.11,1:04.55,1,10.10,1:04.35,4,10.13,1:04.68,2,10.10,1:04.44,2010-2011,"ISU World Cup 2010/2011, CAN, Quebec City",1000m(2),w,Heats,4
3,9.98,1:14.53,1,9.99,1:14.34,4,9.98,1:14.66,2,10.00,1:14.44,2010-2011,"ISU World Cup 2010/2011, CAN, Quebec City",1000m(2),w,Heats,4
3,10.02,1:24.55,1,9.98,1:24.32,4,10.00,1:24.66,2,10.00,1:24.44,2010-2011,"ISU World Cup 2010/2011, CAN, Quebec City",1000m(2),w,Heats,4
3,9.97,1:34.520,1,10.04,1:34.355,4,10.15,1:34.805,2,10.01,1:34.442,2010-2011,"ISU World Cup 2010/2011, CAN, Quebec City",1000m(2),w,Heats,4
