SEO Yi Ra POSITION,SEO Yi Ra LAP TIME,SEO Yi Ra ELAPSED TIME,Christiaan BOKKERINK POSITION,Christiaan BOKKERINK LAP TIME,Christiaan BOKKERINK ELAPSED TIME,Dawid RZEMIENIECKI POSITION,Dawid RZEMIENIECKI LAP TIME,Dawid RZEMIENIECKI ELAPSED TIME,Istvan GAL ORAVECZ POSITION,Istvan GAL ORAVECZ LAP TIME,Istvan GAL ORAVECZ ELAPSED TIME,BLACKBURN Mackenzie POSITION,BLACKBURN Mackenzie LAP TIME,BLACKBURN Mackenzie ELAPSED TIME
1,12.09,12.09,2,12.20,12.20,4,12.46,12.46,5,12.69,12.69,3,12.28,12.28
1,9.05,21.14,2,9.05,21.25,4,9.10,21.56,5,22.07,34.76,3,9.12,21.40
1,9.50,30.64,2,9.53,30.78,4,9.57,31.13,5,13.40,48.16,3,9.48,30.88
1,8.30,38.94,2,8.30,39.08,4,8.41,39.54,5,10.71,58.87,3,8.29,39.17
1,8.85,47.79,2,8.87,47.95,4,9.03,48.57,5,10.16,1:09.03,3,8.90,48.07
1,9.36,57.15,4,26.04,1:13.99,3,9.76,58.33,5,10.47,1:19.50,2,9.59,57.66
1,9.35,1:06.50,5,18.90,1:32.89,3,9.84,1:08.17,4,10.54,1:30.04,2,9.88,1:07.54
1,9.36,1:15.86,5,14.37,1:47.26,3,9.84,1:18.01,4,10.90,1:40.94,2,10.13,1:17.67
1,9.59,1:25.450,5,16.26,2:03.512,3,10.08,1:28.087,4,13.05,1:53.983,2,10.33,1:27.996
