START_POS_1 POSITION,START_POS_1 LAP TIME,START_POS_1 ELAPSED TIME,START_POS_2 POSITION,START_POS_2 LAP TIME,START_POS_2 ELAPSED TIME,START_POS_3 POSITION,START_POS_3 LAP TIME,START_POS_3 ELAPSED TIME,START_POS_4 POSITION,START_POS_4 LAP TIME,START_POS_4 ELAPSED TIME,season,competition,event,gender,round,race
1,12.93,12.93,2,13.04,13.04,4,13.29,13.29,3,13.16,13.16,2010-2011,"ISU World Cup 2010/2011, CAN, Quebec City",1000m(1),w,Heats,3
2,10.31,23.24,1,10.12,23.16,3,10.03,23.32,4,10.33,23.49,2010-2011,"ISU World Cup 2010/2011, CAN, Quebec City",1000m(1),w,Heats,3
1,9.96,33.20,3,10.19,33.35,2,9.98,33.30,4,10.01,33.50,2010-2011,"ISU World Cup 2010/2011, CAN, Quebec City",1000m(1),w,Heats,3
2,9.68,42.88,3,9.68,43.03,1,9.50,42.80,4,9.73,43.23,2010-2011,"ISU World Cup 2010/2011, CAN, Quebec City",1000m(1),w,Heats,3
2,9.63,52.51,3,9.57,52.60,1,9.63,52.43,4,9.54,52.77,2010-2011,"ISU World Cup 2010/2011, CAN, Quebec City",1000m(1),w,Heats,3
2,9.65,1:02.16,3,9.68,1:02.28,1,9.73,1:02.16,4,9.65,1:02.42,2010-2011,"ISU World Cup 2010/2011, CAN, Quebec City",1000m(1),w,Heats,3
1,9.74,1:11.90,3,9.88,1:12.16,2,9.89,1:12.05,4,9.86,1:12.28,2010-2011,"ISU World Cup 2010/2011, CAN, Quebec City",1000m(1),w,Heats,3
1,10.02,1:21.92,3,9.92,1:22.08,2,9.99,1:22.04,4,10.44,1:22.72,2010-2011,"ISU World Cup 2010/2011, CAN, Quebec City",1000m(1),w,Heats,3
1,10.19,1:32.104,0,,PEN,2,10.70,1:32.739,3,11.33,1:34.046,2010-2011,"ISU World Cup 2010/2011, CAN, Quebec City",1000m(1),w,Heats,3
