START_POS_1 POSITION,START_POS_1 LAP TIME,START_POS_1 ELAPSED TIME,START_POS_2 POSITION,START_POS_2 LAP TIME,START_POS_2 ELAPSED TIME,START_POS_3 POSITION,START_POS_3 LAP TIME,START_POS_3 ELAPSED TIME,START_POS_4 POSITION,START_POS_4 LAP TIME,START_POS_4 ELAPSED TIME,season,competition,event,gender,round,race
1,13.38,13.38,4,13.98,13.98,3,13.83,13.83,2,13.58,13.58,2010-2011,"ISU World Cup 2010/2011, CHN, Changchun",1000m,m,Preliminaries,1
1,9.76,23.14,4,9.59,23.57,3,9.65,23.48,2,9.67,23.25,2010-2011,"ISU World Cup 2010/2011, CHN, Changchun",1000m,m,Preliminaries,1
1,9.56,32.70,4,9.45,33.02,3,9.44,32.92,2,9.54,32.79,2010-2011,"ISU World Cup 2010/2011, CHN, Changchun",1000m,m,Preliminaries,1
1,9.56,42.26,4,9.54,42.56,3,9.56,42.48,2,9.54,42.33,2010-2011,"ISU World Cup 2010/2011, CHN, Changchun",1000m,m,Preliminaries,1
1,9.75,52.01,4,9.73,52.29,3,9.69,52.17,2,9.75,52.08,2010-2011,"ISU World Cup 2010/2011, CHN, Changchun",1000m,m,Preliminaries,1
1,9.76,1:01.77,4,9.74,1:02.03,3,9.76,1:01.93,2,9.75,1:01.83,2010-2011,"ISU World Cup 2010/2011, CHN, Changchun",1000m,m,Preliminaries,1
4,10.01,1:11.78,2,9.62,1:11.65,1,9.70,1:11.63,3,9.83,1:11.66,2010-2011,"ISU World Cup 2010/2011, CHN, Changchun",1000m,m,Preliminaries,1
4,9.81,1:21.59,2,9.35,1:21.00,1,9.25,1:20.88,3,9.76,1:21.42,2010-2011,"ISU World Cup 2010/2011, CHN, Changchun",1000m,m,Preliminaries,1
4,9.66,1:31.242,2,9.20,1:30.199,1,9.09,1:29.965,3,9.52,1:30.935,2010-2011,"ISU World Cup 2010/2011, CHN, Changchun",1000m,m,Preliminaries,1
