Hannes KROEGER POSITION,Hannes KROEGER LAP TIME,Hannes KROEGER ELAPSED TIME,Yu MIURA POSITION,Yu MIURA LAP TIME,Yu MIURA ELAPSED TIME,Jeremy MASSON POSITION,Jeremy MASSON LAP TIME,Jeremy MASSON ELAPSED TIME,Viktor KOROLOV POSITION,Viktor KOROLOV LAP TIME,Viktor KOROLOV ELAPSED TIME
1,13.63,13.63,3,13.85,13.85,2,13.73,13.73,4,13.97,13.97
1,11.15,24.78,3,11.12,24.97,2,11.15,24.88,4,11.09,25.06
1,11.13,35.91,2,10.95,35.92,3,11.11,35.99,4,11.08,36.14
2,9.87,45.78,1,9.72,45.64,3,9.89,45.88,4,9.83,45.97
2,9.90,55.68,1,9.88,55.52,3,9.94,55.82,4,9.94,55.91
2,9.85,1:05.53,1,9.88,1:05.40,3,9.83,1:05.65,4,9.81,1:05.72
2,9.49,1:15.02,1,9.47,1:14.87,3,9.42,1:15.07,4,9.56,1:15.28
2,9.10,1:24.12,1,9.15,1:24.02,3,9.18,1:24.25,4,9.32,1:24.60
2,9.15,1:33.269,1,9.25,1:33.262,3,9.14,1:33.384,4,9.52,1:34.115
