KIKUCHI Moemi POSITION,KIKUCHI Moemi LAP TIME,KIKUCHI Moemi ELAPSED TIME,CHEON Hee Jung POSITION,CHEON Hee Jung LAP TIME,CHEON Hee Jung ELAPSED TIME,Ann Veronique MICHAUD POSITION,Ann Veronique MICHAUD LAP TIME,Ann Veronique MICHAUD ELAPSED TIME,Patricia TOTH POSITION,Patricia TOTH LAP TIME,Patricia TOTH ELAPSED TIME
1,14.13,14.13,4,14.50,14.50,2,14.22,14.22,3,14.31,14.31
1,11.46,25.59,4,11.42,25.92,2,11.43,25.65,3,11.41,25.72
1,11.37,36.96,4,11.38,37.30,2,11.39,37.04,3,11.41,37.13
1,11.07,48.03,4,11.11,48.41,2,11.05,48.09,3,11.14,48.27
1,10.56,58.59,4,10.49,58.90,2,10.58,58.67,3,10.49,58.76
2,10.21,1:08.80,3,9.91,1:08.81,4,17.58,1:16.25,1,9.89,1:08.65
3,10.03,1:18.83,2,9.90,1:18.71,4,29.21,1:45.46,1,10.05,1:18.70
2,10.06,1:28.89,1,9.77,1:28.48,4,13.81,1:59.27,3,10.39,1:29.09
0,,PEN,1,9.86,1:38.335,3,11.78,2:11.050,2,10.48,1:39.563
