START_POS_1 POSITION,START_POS_1 LAP TIME,START_POS_1 ELAPSED TIME,START_POS_2 POSITION,START_POS_2 LAP TIME,START_POS_2 ELAPSED TIME,START_POS_3 POSITION,START_POS_3 LAP TIME,START_POS_3 ELAPSED TIME,START_POS_4 POSITION,START_POS_4 LAP TIME,START_POS_4 ELAPSED TIME,season,competition,event,gender,round,race
1,12.64,12.64,2,12.75,12.75,3,12.83,12.83,4,12.93,12.93,2011-2012,"ISU World Cup 2011/2012, CHN, Shanghai",1000m,m,Preliminaries,4
1,9.99,22.63,2,9.97,22.72,3,9.98,22.81,4,9.98,22.91,2011-2012,"ISU World Cup 2011/2012, CHN, Shanghai",1000m,m,Preliminaries,4
1,9.81,32.44,2,9.82,32.54,3,9.83,32.64,4,9.82,32.73,2011-2012,"ISU World Cup 2011/2012, CHN, Shanghai",1000m,m,Preliminaries,4
1,9.62,42.06,2,9.58,42.12,3,9.61,42.25,4,9.61,42.34,2011-2012,"ISU World Cup 2011/2012, CHN, Shanghai",1000m,m,Preliminaries,4
1,9.29,51.35,2,9.31,51.43,3,9.26,51.51,4,9.26,51.60,2011-2012,"ISU World Cup 2011/2012, CHN, Shanghai",1000m,m,Preliminaries,4
1,9.11,1:00.46,2,9.10,1:00.53,3,9.12,1:00.63,4,9.14,1:00.74,2011-2012,"ISU World Cup 2011/2012, CHN, Shanghai",1000m,m,Preliminaries,4
2,9.12,1:09.58,1,9.01,1:09.54,3,9.12,1:09.75,4,9.14,1:09.88,2011-2012,"ISU World Cup 2011/2012, CHN, Shanghai",1000m,m,Preliminaries,4
2,9.19,1:18.77,1,9.01,1:18.55,3,9.15,1:18.90,4,9.48,1:19.36,2011-2012,"ISU World Cup 2011/2012, CHN, Shanghai",1000m,m,Preliminaries,4
2,9.24,1:28.005,1,9.10,1:27.649,3,9.41,1:28.302,4,10.25,1:29.609,2011-2012,"ISU World Cup 2011/2012, CHN, Shanghai",1000m,m,Preliminaries,4
