START_POS_1 POSITION,START_POS_1 LAP TIME,START_POS_1 ELAPSED TIME,START_POS_2 POSITION,START_POS_2 LAP TIME,START_POS_2 ELAPSED TIME,START_POS_3 POSITION,START_POS_3 LAP TIME,START_POS_3 ELAPSED TIME,START_POS_4 POSITION,START_POS_4 LAP TIME,START_POS_4 ELAPSED TIME,START_POS_5 POSITION,START_POS_5 LAP TIME,START_POS_5 ELAPSED TIME,season,competition,event,gender,round,race
4,13.51,13.51,2,13.29,13.29,3,13.40,13.40,5,13.65,13.65,1,13.18,13.18,2011-2012,"ISU World Cup 2011/2012, NED, Dordrecht",1000m(1),w,Heats,2
4,11.14,24.65,1,11.03,24.32,3,11.13,24.53,5,11.08,24.73,2,11.24,24.42,2011-2012,"ISU World Cup 2011/2012, NED, Dordrecht",1000m(1),w,Heats,2
4,11.04,35.69,1,11.07,35.39,3,11.10,35.63,5,11.06,35.79,2,11.11,35.53,2011-2012,"ISU World Cup 2011/2012, NED, Dordrecht",1000m(1),w,Heats,2
4,10.47,46.16,1,10.46,45.85,3,10.40,46.03,5,10.46,46.25,2,10.42,45.95,2011-2012,"ISU World Cup 2011/2012, NED, Dordrecht",1000m(1),w,Heats,2
4,10.38,56.54,1,10.40,56.25,3,10.40,56.43,5,10.43,56.68,2,10.42,56.37,2011-2012,"ISU World Cup 2011/2012, NED, Dordrecht",1000m(1),w,Heats,2
4,10.31,1:06.85,1,10.28,1:06.53,3,10.34,1:06.77,5,10.33,1:07.01,2,10.28,1:06.65,2011-2012,"ISU World Cup 2011/2012, NED, Dordrecht",1000m(1),w,Heats,2
4,9.90,1:16.75,1,10.01,1:16.54,2,9.82,1:16.59,5,9.92,1:16.93,3,9.97,1:16.62,2011-2012,"ISU World Cup 2011/2012, NED, Dordrecht",1000m(1),w,Heats,2
4,9.83,1:26.58,2,9.80,1:26.34,1,9.56,1:26.15,5,10.01,1:26.94,3,9.82,1:26.44,2011-2012,"ISU World Cup 2011/2012, NED, Dordrecht",1000m(1),w,Heats,2
4,10.07,1:36.643,2,9.81,1:36.149,1,9.94,1:36.089,5,10.39,1:37.324,3,9.75,1:36.187,2011-2012,"ISU World Cup 2011/2012, NED, Dordrecht",1000m(1),w,Heats,2
