START_POS_1 POSITION,START_POS_1 LAP TIME,START_POS_1 ELAPSED TIME,START_POS_2 POSITION,START_POS_2 LAP TIME,START_POS_2 ELAPSED TIME,START_POS_3 POSITION,START_POS_3 LAP TIME,START_POS_3 ELAPSED TIME,START_POS_4 POSITION,START_POS_4 LAP TIME,START_POS_4 ELAPSED TIME,season,competition,event,gender,round,race
3,13.33,13.33,1,13.07,13.07,2,13.20,13.20,4,13.42,13.42,2011-2012,"ISU World Cup 2011/2012, NED, Dordrecht",1000m(2),m,RepQuarterfinals,4
3,10.67,24.00,1,10.81,23.88,2,10.70,23.90,4,10.68,24.10,2011-2012,"ISU World Cup 2011/2012, NED, Dordrecht",1000m(2),m,RepQuarterfinals,4
4,9.98,33.98,1,9.78,33.66,2,9.89,33.79,3,9.78,33.88,2011-2012,"ISU World Cup 2011/2012, NED, Dordrecht",1000m(2),m,RepQuarterfinals,4
4,9.73,43.71,1,9.78,43.44,2,9.74,43.53,3,9.70,43.58,2011-2012,"ISU World Cup 2011/2012, NED, Dordrecht",1000m(2),m,RepQuarterfinals,4
4,9.56,53.27,1,9.51,52.95,2,9.50,53.03,3,9.52,53.10,2011-2012,"ISU World Cup 2011/2012, NED, Dordrecht",1000m(2),m,RepQuarterfinals,4
4,9.42,1:02.69,1,9.25,1:02.20,2,9.25,1:02.28,3,9.31,1:02.41,2011-2012,"ISU World Cup 2011/2012, NED, Dordrecht",1000m(2),m,RepQuarterfinals,4
4,9.28,1:11.97,1,9.23,1:11.43,2,9.22,1:11.50,3,9.22,1:11.63,2011-2012,"ISU World Cup 2011/2012, NED, Dordrecht",1000m(2),m,RepQuarterfinals,4
4,9.51,1:21.48,1,9.30,1:20.73,2,9.33,1:20.83,3,9.30,1:20.93,2011-2012,"ISU World Cup 2011/2012, NED, Dordrecht",1000m(2),m,RepQuarterfinals,4
4,9.82,1:31.297,1,9.60,1:30.329,2,9.60,1:30.425,3,9.58,1:30.506,2011-2012,"ISU World Cup 2011/2012, NED, Dordrecht",1000m(2),m,RepQuarterfinals,4
