Yui SAKAI POSITION,Yui SAKAI LAP TIME,Yui SAKAI ELAPSED TIME,Bernadett HEIDUM POSITION,Bernadett HEIDUM LAP TIME,Bernadett HEIDUM ELAPSED TIME,LI Jianrou POSITION,LI Jianrou LAP TIME,LI Jianrou ELAPSED TIME,Emily SCOTT POSITION,Emily SCOTT LAP TIME,Emily SCOTT ELAPSED TIME
1,13.28,13.28,3,13.41,13.41,2,13.37,13.37,4,13.56,13.56
1,9.87,23.15,4,9.97,23.38,2,9.88,23.25,3,9.80,23.36
1,9.87,33.02,4,9.92,33.30,2,9.87,33.12,3,9.84,33.20
1,10.16,43.18,4,10.20,43.50,2,10.13,43.25,3,10.19,43.39
1,10.17,53.35,4,10.08,53.58,2,10.15,53.40,3,10.12,53.51
1,9.87,1:03.22,4,9.95,1:03.53,2,9.88,1:03.28,3,9.90,1:03.41
1,9.86,1:13.08,4,9.83,1:13.36,2,9.86,1:13.14,3,9.86,1:13.27
1,10.07,1:23.15,4,9.94,1:23.30,2,10.04,1:23.18,3,10.03,1:23.30
1,10.22,1:33.370,4,10.42,1:33.718,2,10.20,1:33.378,3,10.31,1:33.606
