START_POS_1 POSITION,START_POS_1 LAP TIME,START_POS_1 ELAPSED TIME,START_POS_2 POSITION,START_POS_2 LAP TIME,START_POS_2 ELAPSED TIME,START_POS_3 POSITION,START_POS_3 LAP TIME,START_POS_3 ELAPSED TIME,START_POS_4 POSITION,START_POS_4 LAP TIME,START_POS_4 ELAPSED TIME,season,competition,event,gender,round,race
3,12.60,12.60,4,12.77,12.77,1,12.47,12.47,2,12.50,12.50,2011-2012,"ISU World Cup 2011/2012, JPN, Nagoya",1000m(1),m,Heats,5
3,9.50,22.10,4,9.47,22.24,2,9.50,21.97,1,9.41,21.91,2011-2012,"ISU World Cup 2011/2012, JPN, Nagoya",1000m(1),m,Heats,5
3,9.59,31.69,4,9.61,31.85,2,9.63,31.60,1,9.59,31.50,2011-2012,"ISU World Cup 2011/2012, JPN, Nagoya",1000m(1),m,Heats,5
3,9.94,41.63,4,9.88,41.73,2,9.87,41.47,1,9.87,41.37,2011-2012,"ISU World Cup 2011/2012, JPN, Nagoya",1000m(1),m,Heats,5
3,9.77,51.40,4,9.78,51.51,2,9.74,51.21,1,9.82,51.19,2011-2012,"ISU World Cup 2011/2012, JPN, Nagoya",1000m(1),m,Heats,5
3,9.49,1:00.89,4,9.42,1:00.93,1,9.39,1:00.60,2,9.60,1:00.79,2011-2012,"ISU World Cup 2011/2012, JPN, Nagoya",1000m(1),m,Heats,5
4,9.41,1:10.30,1,9.09,1:10.02,2,9.46,1:10.06,3,9.35,1:10.14,2011-2012,"ISU World Cup 2011/2012, JPN, Nagoya",1000m(1),m,Heats,5
3,9.49,1:19.79,1,9.31,1:19.33,2,9.59,1:19.65,4,9.74,1:19.88,2011-2012,"ISU World Cup 2011/2012, JPN, Nagoya",1000m(1),m,Heats,5
3,9.77,1:29.551,1,9.81,1:29.139,2,9.83,1:29.471,4,9.76,1:29.632,2011-2012,"ISU World Cup 2011/2012, JPN, Nagoya",1000m(1),m,Heats,5
