START_POS_1 POSITION,START_POS_1 LAP TIME,START_POS_1 ELAPSED TIME,START_POS_2 POSITION,START_POS_2 LAP TIME,START_POS_2 ELAPSED TIME,START_POS_3 POSITION,START_POS_3 LAP TIME,START_POS_3 ELAPSED TIME,START_POS_4 POSITION,START_POS_4 LAP TIME,START_POS_4 ELAPSED TIME,season,competition,event,gender,round,race
4,13.81,13.81,1,13.60,13.60,3,13.74,13.74,2,13.68,13.68,2011-2012,"2012 ISU World Championships, CHN, Shanghai",1000m,w,Heats,10
3,11.01,24.82,2,11.11,24.71,4,11.13,24.87,1,10.96,24.64,2011-2012,"2012 ISU World Championships, CHN, Shanghai",1000m,w,Heats,10
1,9.73,34.55,3,10.13,34.84,4,10.09,34.96,2,10.10,34.74,2011-2012,"2012 ISU World Championships, CHN, Shanghai",1000m,w,Heats,10
1,9.70,44.25,3,9.66,44.50,4,9.64,44.60,2,9.63,44.37,2011-2012,"2012 ISU World Championships, CHN, Shanghai",1000m,w,Heats,10
1,9.96,54.21,3,9.90,54.40,4,9.90,54.50,2,9.92,54.29,2011-2012,"2012 ISU World Championships, CHN, Shanghai",1000m,w,Heats,10
3,10.24,1:04.45,2,9.97,1:04.37,4,10.05,1:04.55,1,9.87,1:04.16,2011-2012,"2012 ISU World Championships, CHN, Shanghai",1000m,w,Heats,10
4,10.45,1:14.90,2,9.72,1:14.09,3,10.03,1:14.58,1,9.79,1:13.95,2011-2012,"2012 ISU World Championships, CHN, Shanghai",1000m,w,Heats,10
4,10.83,1:25.73,2,9.73,1:23.82,3,10.02,1:24.60,1,9.78,1:23.73,2011-2012,"2012 ISU World Championships, CHN, Shanghai",1000m,w,Heats,10
4,11.33,1:37.051,2,10.02,1:33.839,3,10.49,1:35.089,1,9.91,1:33.637,2011-2012,"2012 ISU World Championships, CHN, Shanghai",1000m,w,Heats,10
