LIU Qiuhong POSITION,LIU Qiuhong LAP TIME,LIU Qiuhong ELAPSED TIME,Alyson DUDEK POSITION,Alyson DUDEK LAP TIME,Alyson DUDEK ELAPSED TIME,CHRISTIE Elise POSITION,CHRISTIE Elise LAP TIME,CHRISTIE Elise ELAPSED TIME,Sayuri SHIMIZU POSITION,Sayuri SHIMIZU LAP TIME,Sayuri SHIMIZU ELAPSED TIME,Yui SAKAI POSITION,Yui SAKAI LAP TIME,Yui SAKAI ELAPSED TIME
1,13.19,13.19,4,13.53,13.53,3,13.51,13.51,5,13.74,13.74,2,13.30,13.30
1,10.52,23.71,4,10.52,24.05,3,10.41,23.92,5,10.33,24.07,2,10.50,23.80
2,10.16,33.87,5,10.19,34.24,4,10.18,34.10,1,9.60,33.67,3,10.18,33.98
2,9.85,43.72,5,9.79,44.03,4,9.79,43.89,1,9.95,43.62,3,9.84,43.82
3,10.03,53.75,5,10.05,54.08,4,10.06,53.95,1,10.05,53.67,2,9.89,53.71
4,9.78,1:03.53,5,9.65,1:03.73,3,9.57,1:03.52,2,9.76,1:03.43,1,9.34,1:03.05
4,9.80,1:13.33,5,9.71,1:13.44,3,9.64,1:13.16,2,9.65,1:13.08,1,9.43,1:12.48
2,9.68,1:23.01,3,9.58,1:23.02,5,27.08,1:40.24,4,10.04,1:23.12,1,9.55,1:22.03
3,9.99,1:33.000,2,9.81,1:32.826,5,19.43,1:59.665,4,10.18,1:33.293,1,9.81,1:31.838
