HAMELIN Charles POSITION,HAMELIN Charles LAP TIME,HAMELIN Charles ELAPSED TIME,KNEGT Sjinkie POSITION,KNEGT Sjinkie LAP TIME,KNEGT Sjinkie ELAPSED TIME,Kyle CARR POSITION,Kyle CARR LAP TIME,Kyle CARR ELAPSED TIME,Paul HERRMANN POSITION,Paul HERRMANN LAP TIME,Paul HERRMANN ELAPSED TIME,DOTTI Tommaso POSITION,DOTTI Tommaso LAP TIME,DOTTI Tommaso ELAPSED TIME
1,13.05,13.05,2,13.14,13.14,3,13.26,13.26,5,13.47,13.47,4,13.35,13.35
1,10.55,23.60,2,10.56,23.70,3,10.57,23.83,4,10.43,23.90,5,10.58,23.93
1,10.24,33.84,2,10.22,33.92,3,10.23,34.06,4,10.25,34.15,5,10.33,34.26
1,10.06,43.90,2,10.06,43.98,3,10.04,44.10,4,10.06,44.21,5,10.03,44.29
1,9.95,53.85,2,9.94,53.92,3,9.93,54.03,4,9.90,54.11,5,9.90,54.19
1,9.76,1:03.61,2,9.76,1:03.68,3,9.74,1:03.77,4,9.75,1:03.86,5,9.76,1:03.95
1,9.45,1:13.06,2,9.52,1:13.20,3,9.51,1:13.28,4,9.53,1:13.39,5,9.51,1:13.46
1,8.98,1:22.04,2,8.93,1:22.13,3,9.04,1:22.32,4,9.11,1:22.50,5,9.10,1:22.56
2,8.85,1:30.884,1,8.76,1:30.881,3,9.01,1:31.330,4,9.28,1:31.780,5,9.23,1:31.786
