GERMANY POSITION,GERMANY LAP TIME,GERMANY ELAPSED TIME,CHINA POSITION,CHINA LAP TIME,CHINA ELAPSED TIME,ITALY POSITION,ITALY LAP TIME,ITALY ELAPSED TIME
3,12.70,12.70,1,12.55,12.55,2,12.63,12.63
2,9.23,21.93,1,9.20,21.75,3,9.56,22.19
2,9.15,31.08,1,9.24,30.99,3,9.00,31.19
2,9.17,40.25,1,9.16,40.15,3,9.23,40.42
2,9.18,49.43,1,9.13,49.28,3,9.18,49.60
2,9.04,58.47,1,9.04,58.32,3,9.07,58.67
2,9.24,1:07.71,1,8.65,1:06.97,3,9.14,1:07.81
2,9.18,1:16.89,1,9.81,1:16.78,3,9.36,1:17.17
2,9.24,1:26.13,1,9.20,1:25.98,3,9.13,1:26.30
2,9.10,1:35.23,1,9.10,1:35.08,3,9.21,1:35.51
2,9.08,1:44.31,1,9.15,1:44.23,3,9.15,1:44.66
2,9.25,1:53.56,1,9.22,1:53.45,3,9.20,1:53.86
2,9.23,2:02.79,1,9.11,2:02.56,3,9.10,2:02.96
2,8.90,2:11.69,1,9.06,2:11.62,3,9.18,2:12.14
2,9.26,2:20.95,1,9.21,2:20.83,3,8.94,2:21.08
2,9.12,2:30.07,1,9.01,2:29.84,3,9.27,2:30.35
2,9.02,2:39.09,1,9.04,2:38.88,3,9.18,2:39.53
2,9.08,2:48.17,1,9.07,2:47.95,3,9.22,2:48.75
2,9.10,2:57.27,1,8.70,2:56.65,3,8.82,2:57.57
2,8.96,3:06.23,1,9.47,3:06.12,3,9.28,3:06.85
2,9.22,3:15.45,1,9.21,3:15.33,3,9.03,3:15.88
2,9.14,3:24.59,1,8.96,3:24.29,3,9.24,3:25.12
2,9.03,3:33.62,1,8.99,3:33.28,3,9.28,3:34.40
2,9.08,3:42.70,1,8.96,3:42.24,3,9.06,3:43.46
2,9.11,3:51.81,1,8.88,3:51.12,3,8.97,3:52.43
2,9.04,4:00.85,1,9.62,4:00.74,3,9.70,4:02.13
2,9.03,4:09.88,1,9.05,4:09.79,3,9.08,4:11.21
2,9.08,4:18.96,1,8.89,4:18.68,3,9.45,4:20.66
2,9.10,4:28.06,1,9.06,4:27.74,3,9.42,4:30.08
2,9.19,4:37.25,1,9.10,4:36.84,3,9.24,4:39.32
2,9.09,4:46.34,1,9.15,4:45.99,3,9.42,4:48.74
2,8.99,4:55.33,1,9.26,4:55.25,3,9.63,4:58.37
2,9.25,5:04.58,1,9.20,5:04.45,3,9.36,5:07.73
2,9.24,5:13.82,1,9.02,5:13.47,3,9.48,5:17.21
2,9.30,5:23.12,1,9.23,5:22.70,3,9.59,5:26.80
2,9.41,5:32.53,1,9.32,5:32.02,3,9.35,5:36.15
2,9.43,5:41.96,1,9.18,5:41.20,3,9.83,5:45.98
2,9.06,5:51.02,1,9.24,5:50.44,3,9.85,5:55.83
2,8.94,5:59.96,1,9.03,5:59.47,3,9.56,6:05.39
2,9.21,6:09.17,1,9.35,6:08.82,3,9.73,6:15.12
2,9.32,6:18.49,1,9.49,6:18.31,3,8.63,6:23.75
2,9.45,6:27.94,1,9.10,6:27.41,3,10.82,6:34.57
2,9.50,6:37.44,1,9.32,6:36.73,3,9.37,6:43.94
2,9.11,6:46.55,1,9.19,6:45.92,3,9.88,6:53.82
2,9.65,6:56.193,1,9.33,6:55.245,3,10.27,7:04.087
