START_POS_1 POSITION,START_POS_1 LAP TIME,START_POS_1 ELAPSED TIME,START_POS_2 POSITION,START_POS_2 LAP TIME,START_POS_2 ELAPSED TIME,START_POS_3 POSITION,START_POS_3 LAP TIME,START_POS_3 ELAPSED TIME,START_POS_4 POSITION,START_POS_4 LAP TIME,START_POS_4 ELAPSED TIME,START_POS_5 POSITION,START_POS_5 LAP TIME,START_POS_5 ELAPSED TIME,season,competition,event,gender,round,race
1,13.86,13.86,2,13.97,13.97,3,14.08,14.08,4,14.24,14.24,5,14.34,14.34,2011-2012,"ISU World Cup 2011/2012, CAN, Saguenay",1000m,w,Heats,3
1,10.31,24.17,2,10.28,24.25,3,10.26,24.34,4,10.22,24.46,5,10.22,24.56,2011-2012,"ISU World Cup 2011/2012, CAN, Saguenay",1000m,w,Heats,3
1,10.24,34.41,2,10.26,34.51,3,10.27,34.61,4,10.29,34.75,5,10.31,34.87,2011-2012,"ISU World Cup 2011/2012, CAN, Saguenay",1000m,w,Heats,3
1,10.22,44.63,2,10.21,44.72,3,10.20,44.81,4,10.15,44.90,5,10.14,45.01,2011-2012,"ISU World Cup 2011/2012, CAN, Saguenay",1000m,w,Heats,3
1,10.01,54.64,2,10.03,54.75,3,10.05,54.86,4,10.02,54.92,5,10.01,55.02,2011-2012,"ISU World Cup 2011/2012, CAN, Saguenay",1000m,w,Heats,3
1,9.82,1:04.46,3,9.92,1:04.67,4,9.91,1:04.77,2,9.56,1:04.48,5,9.77,1:04.79,2011-2012,"ISU World Cup 2011/2012, CAN, Saguenay",1000m,w,Heats,3
2,9.74,1:14.20,4,10.15,1:14.82,5,10.15,1:14.92,1,9.55,1:14.03,3,9.69,1:14.48,2011-2012,"ISU World Cup 2011/2012, CAN, Saguenay",1000m,w,Heats,3
2,9.79,1:23.99,5,10.59,1:25.41,4,10.28,1:25.20,1,9.77,1:23.80,3,9.64,1:24.12,2011-2012,"ISU World Cup 2011/2012, CAN, Saguenay",1000m,w,Heats,3
2,9.97,1:33.957,5,12.01,1:37.411,4,10.87,1:36.070,1,9.88,1:33.673,3,9.91,1:34.021,2011-2012,"ISU World Cup 2011/2012, CAN, Saguenay",1000m,w,Heats,3
