START_POS_1 POSITION,START_POS_1 LAP TIME,START_POS_1 ELAPSED TIME,START_POS_2 POSITION,START_POS_2 LAP TIME,START_POS_2 ELAPSED TIME,START_POS_3 POSITION,START_POS_3 LAP TIME,START_POS_3 ELAPSED TIME,START_POS_4 POSITION,START_POS_4 LAP TIME,START_POS_4 ELAPSED TIME,season,competition,event,gender,round,race
2,13.85,13.85,1,13.78,13.78,3,14.01,14.01,4,14.10,14.10,2011-2012,"ISU World Cup 2011/2012, CHN, Shanghai",1000m,w,RepSemifinals,2
2,10.69,24.54,1,10.62,24.40,4,10.65,24.66,3,10.55,24.65,2011-2012,"ISU World Cup 2011/2012, CHN, Shanghai",1000m,w,RepSemifinals,2
2,10.21,34.75,1,10.25,34.65,4,10.27,34.93,3,10.18,34.83,2011-2012,"ISU World Cup 2011/2012, CHN, Shanghai",1000m,w,RepSemifinals,2
2,10.53,45.28,1,10.55,45.20,4,10.56,45.49,3,10.55,45.38,2011-2012,"ISU World Cup 2011/2012, CHN, Shanghai",1000m,w,RepSemifinals,2
2,10.54,55.82,1,10.53,55.73,4,10.58,56.07,3,10.47,55.85,2011-2012,"ISU World Cup 2011/2012, CHN, Shanghai",1000m,w,RepSemifinals,2
2,9.99,1:05.81,1,9.99,1:05.72,4,9.97,1:06.04,3,10.05,1:05.90,2011-2012,"ISU World Cup 2011/2012, CHN, Shanghai",1000m,w,RepSemifinals,2
2,9.95,1:15.76,1,9.96,1:15.68,4,9.89,1:15.93,3,9.95,1:15.85,2011-2012,"ISU World Cup 2011/2012, CHN, Shanghai",1000m,w,RepSemifinals,2
2,9.87,1:25.63,1,9.86,1:25.54,4,9.99,1:25.92,3,9.87,1:25.72,2011-2012,"ISU World Cup 2011/2012, CHN, Shanghai",1000m,w,RepSemifinals,2
2,9.82,1:35.445,1,9.84,1:35.372,4,10.04,1:35.958,3,9.85,1:35.570,2011-2012,"ISU World Cup 2011/2012, CHN, Shanghai",1000m,w,RepSemifinals,2
