START_POS_1 POSITION,START_POS_1 LAP TIME,START_POS_1 ELAPSED TIME,START_POS_2 POSITION,START_POS_2 LAP TIME,START_POS_2 ELAPSED TIME,START_POS_3 POSITION,START_POS_3 LAP TIME,START_POS_3 ELAPSED TIME,START_POS_4 POSITION,START_POS_4 LAP TIME,START_POS_4 ELAPSED TIME,START_POS_5 POSITION,START_POS_5 LAP TIME,START_POS_5 ELAPSED TIME,season,competition,event,gender,round,race
4,13.50,13.50,2,13.18,13.18,1,13.09,13.09,3,13.38,13.38,5,13.50,13.50,2012-2013,"ISU World Cup 2012/2013, Calgary (CAN)",1000m(1),w,Preliminaries,8
5,9.94,23.44,2,10.09,23.27,1,10.10,23.19,3,9.94,23.32,4,9.83,23.33,2012-2013,"ISU World Cup 2012/2013, Calgary (CAN)",1000m(1),w,Preliminaries,8
5,9.60,33.04,4,9.66,32.93,1,9.56,32.75,3,9.55,32.87,2,9.53,32.86,2012-2013,"ISU World Cup 2012/2013, Calgary (CAN)",1000m(1),w,Preliminaries,8
5,9.67,42.71,4,9.66,42.59,2,9.62,42.37,3,9.64,42.51,1,9.51,42.37,2012-2013,"ISU World Cup 2012/2013, Calgary (CAN)",1000m(1),w,Preliminaries,8
5,9.60,52.31,4,9.63,52.22,3,9.82,52.19,2,9.52,52.03,1,9.53,51.90,2012-2013,"ISU World Cup 2012/2013, Calgary (CAN)",1000m(1),w,Preliminaries,8
5,34.69,1:27.00,4,10.03,1:02.25,3,9.96,1:02.15,2,9.59,1:01.62,1,9.53,1:01.43,2012-2013,"ISU World Cup 2012/2013, Calgary (CAN)",1000m(1),w,Preliminaries,8
5,15.73,1:42.73,4,10.27,1:12.52,3,10.30,1:12.45,2,9.64,1:11.26,1,9.64,1:11.07,2012-2013,"ISU World Cup 2012/2013, Calgary (CAN)",1000m(1),w,Preliminaries,8
5,11.80,1:54.53,3,10.88,1:23.40,4,11.01,1:23.46,2,9.80,1:21.06,1,9.87,1:20.94,2012-2013,"ISU World Cup 2012/2013, Calgary (CAN)",1000m(1),w,Preliminaries,8
5,11.38,2:05.907,3,10.90,1:34.297,4,11.70,1:35.158,2,10.13,1:31.186,1,10.16,1:31.099,2012-2013,"ISU World Cup 2012/2013, Calgary (CAN)",1000m(1),w,Preliminaries,8
