Blake SKJELLERUP POSITION,Blake SKJELLERUP LAP TIME,Blake SKJELLERUP ELAPSED TIME,Bence BERES POSITION,Bence BERES LAP TIME,Bence BERES ELAPSED TIME,Michael GILDAY POSITION,Michael GILDAY LAP TIME,Michael GILDAY ELAPSED TIME,Kyle CARR POSITION,Kyle CARR LAP TIME,Kyle CARR ELAPSED TIME,Asen YORDANOV POSITION,Asen YORDANOV LAP TIME,Asen YORDANOV ELAPSED TIME
3,13.79,13.79,2,13.67,13.67,1,13.58,13.58,4,14.04,14.04,5,14.21,14.21
4,10.66,24.45,2,10.69,24.36,1,10.67,24.25,3,10.41,24.45,5,10.49,24.70
4,10.20,34.65,3,10.08,34.44,1,10.08,34.33,2,9.99,34.44,5,10.13,34.83
4,9.70,44.35,3,9.79,44.23,1,9.70,44.03,2,9.69,44.13,5,9.77,44.60
4,9.59,53.94,3,9.58,53.81,1,9.55,53.58,2,9.58,53.71,5,9.71,54.31
4,9.45,1:03.39,3,9.46,1:03.27,1,9.45,1:03.03,2,9.44,1:03.15,5,9.92,1:04.23
4,9.33,1:12.72,3,9.26,1:12.53,1,9.25,1:12.28,2,9.28,1:12.43,5,10.25,1:14.48
4,9.40,1:22.12,3,9.24,1:21.77,1,9.25,1:21.53,2,9.24,1:21.67,5,10.68,1:25.16
4,10.18,1:32.292,3,9.42,1:31.190,1,9.52,1:31.044,2,9.44,1:31.108,5,10.94,1:36.097
