START_POS_1 POSITION,START_POS_1 LAP TIME,START_POS_1 ELAPSED TIME,START_POS_2 POSITION,START_POS_2 LAP TIME,START_POS_2 ELAPSED TIME,START_POS_3 POSITION,START_POS_3 LAP TIME,START_POS_3 ELAPSED TIME,START_POS_4 POSITION,START_POS_4 LAP TIME,START_POS_4 ELAPSED TIME,START_POS_5 POSITION,START_POS_5 LAP TIME,START_POS_5 ELAPSED TIME,season,competition,event,gender,round,race
1,13.73,13.73,2,13.87,13.87,4,14.11,14.11,3,13.95,13.95,5,14.29,14.29,2012-2013,"2013 ISU European Championships, Malmo (SWE)",1000m,m,Heats,3
1,10.69,24.42,2,10.55,24.42,4,10.67,24.78,3,10.72,24.67,5,10.67,24.96,2012-2013,"2013 ISU European Championships, Malmo (SWE)",1000m,m,Heats,3
4,10.32,34.74,1,10.02,34.44,3,9.93,34.71,2,9.85,34.52,5,10.03,34.99,2012-2013,"2013 ISU European Championships, Malmo (SWE)",1000m,m,Heats,3
5,10.15,44.89,1,9.93,44.37,3,9.86,44.57,2,9.96,44.48,4,9.68,44.67,2012-2013,"2013 ISU European Championships, Malmo (SWE)",1000m,m,Heats,3
5,10.01,54.90,1,9.93,54.30,2,9.78,54.35,3,9.98,54.46,4,9.87,54.54,2012-2013,"2013 ISU European Championships, Malmo (SWE)",1000m,m,Heats,3
5,10.11,1:05.01,4,10.11,1:04.41,1,9.73,1:04.08,2,9.66,1:04.12,3,9.86,1:04.40,2012-2013,"2013 ISU European Championships, Malmo (SWE)",1000m,m,Heats,3
5,10.20,1:15.21,4,9.97,1:14.38,1,9.42,1:13.50,2,9.47,1:13.59,3,9.29,1:13.69,2012-2013,"2013 ISU European Championships, Malmo (SWE)",1000m,m,Heats,3
5,10.41,1:25.62,4,10.15,1:24.53,1,9.25,1:22.75,2,9.20,1:22.79,3,9.21,1:22.90,2012-2013,"2013 ISU European Championships, Malmo (SWE)",1000m,m,Heats,3
3,10.78,1:36.399,2,10.63,1:35.160,1,10.08,1:32.829,5,53.95,2:16.740,4,26.85,1:49.749,2012-2013,"2013 ISU European Championships, Malmo (SWE)",1000m,m,Heats,3
