START_POS_1 POSITION,START_POS_1 LAP TIME,START_POS_1 ELAPSED TIME,START_POS_2 POSITION,START_POS_2 LAP TIME,START_POS_2 ELAPSED TIME,START_POS_3 POSITION,START_POS_3 LAP TIME,START_POS_3 ELAPSED TIME,START_POS_4 POSITION,START_POS_4 LAP TIME,START_POS_4 ELAPSED TIME,season,competition,event,gender,round,race
2,13.30,13.30,3,13.49,13.49,4,13.62,13.62,1,13.09,13.09,2012-2013,"2013 ISU World Junior Championships, Warsaw (POL)",1000m,m,Preliminaries,11
2,10.29,23.59,3,10.26,23.75,4,10.25,23.87,1,10.36,23.45,2012-2013,"2013 ISU World Junior Championships, Warsaw (POL)",1000m,m,Preliminaries,11
2,10.28,33.87,3,10.25,34.00,4,10.20,34.07,1,10.28,33.73,2012-2013,"2013 ISU World Junior Championships, Warsaw (POL)",1000m,m,Preliminaries,11
2,10.30,44.17,3,10.32,44.32,4,10.44,44.51,1,10.26,43.99,2012-2013,"2013 ISU World Junior Championships, Warsaw (POL)",1000m,m,Preliminaries,11
2,10.05,54.22,3,9.91,54.23,4,9.85,54.36,1,9.94,53.93,2012-2013,"2013 ISU World Junior Championships, Warsaw (POL)",1000m,m,Preliminaries,11
3,9.99,1:04.21,2,9.50,1:03.73,4,9.94,1:04.30,1,9.52,1:03.45,2012-2013,"2013 ISU World Junior Championships, Warsaw (POL)",1000m,m,Preliminaries,11
4,10.27,1:14.48,2,9.49,1:13.22,3,10.05,1:14.35,1,9.50,1:12.95,2012-2013,"2013 ISU World Junior Championships, Warsaw (POL)",1000m,m,Preliminaries,11
4,11.48,1:25.96,2,9.67,1:22.89,3,10.46,1:24.81,1,9.56,1:22.51,2012-2013,"2013 ISU World Junior Championships, Warsaw (POL)",1000m,m,Preliminaries,11
4,13.31,1:39.270,2,10.09,1:32.971,3,10.61,1:35.418,1,10.03,1:32.536,2012-2013,"2013 ISU World Junior Championships, Warsaw (POL)",1000m,m,Preliminaries,11
