START_POS_1 POSITION,START_POS_1 LAP TIME,START_POS_1 ELAPSED TIME,START_POS_2 POSITION,START_POS_2 LAP TIME,START_POS_2 ELAPSED TIME,START_POS_3 POSITION,START_POS_3 LAP TIME,START_POS_3 ELAPSED TIME,START_POS_4 POSITION,START_POS_4 LAP TIME,START_POS_4 ELAPSED TIME,START_POS_5 POSITION,START_POS_5 LAP TIME,START_POS_5 ELAPSED TIME,season,competition,event,gender,round,race
1,13.43,13.43,2,13.52,13.52,5,13.95,13.95,3,13.66,13.66,4,13.81,13.81,2012-2013,"ISU World Cup 2012/2013, Dresden (GER)",1000m,w,RepSemifinals,2
1,10.34,23.77,2,10.37,23.89,5,10.19,24.14,3,10.25,23.91,4,10.21,24.02,2012-2013,"ISU World Cup 2012/2013, Dresden (GER)",1000m,w,RepSemifinals,2
1,10.04,33.81,2,10.00,33.89,5,10.15,34.29,3,10.11,34.02,4,10.15,34.17,2012-2013,"ISU World Cup 2012/2013, Dresden (GER)",1000m,w,RepSemifinals,2
1,10.43,44.24,2,10.44,44.33,5,10.32,44.61,3,10.40,44.42,4,10.34,44.51,2012-2013,"ISU World Cup 2012/2013, Dresden (GER)",1000m,w,RepSemifinals,2
1,10.28,54.52,2,10.28,54.61,5,10.37,54.98,3,10.32,54.74,4,10.35,54.86,2012-2013,"ISU World Cup 2012/2013, Dresden (GER)",1000m,w,RepSemifinals,2
1,10.00,1:04.52,2,9.99,1:04.60,5,9.91,1:04.89,3,9.87,1:04.61,4,9.91,1:04.77,2012-2013,"ISU World Cup 2012/2013, Dresden (GER)",1000m,w,RepSemifinals,2
1,9.60,1:14.12,5,11.76,1:16.36,4,9.74,1:14.63,2,9.86,1:14.47,3,9.72,1:14.49,2012-2013,"ISU World Cup 2012/2013, Dresden (GER)",1000m,w,RepSemifinals,2
1,9.62,1:23.74,5,13.42,1:29.78,3,9.52,1:24.15,4,9.80,1:24.27,2,9.33,1:23.82,2012-2013,"ISU World Cup 2012/2013, Dresden (GER)",1000m,w,RepSemifinals,2
2,9.82,1:33.555,5,16.78,1:46.559,3,9.62,1:33.769,4,10.07,1:34.338,1,9.56,1:33.371,2012-2013,"ISU World Cup 2012/2013, Dresden (GER)",1000m,w,RepSemifinals,2
