START_POS_1 POSITION,START_POS_1 LAP TIME,START_POS_1 ELAPSED TIME,START_POS_2 POSITION,START_POS_2 LAP TIME,START_POS_2 ELAPSED TIME,START_POS_3 POSITION,START_POS_3 LAP TIME,START_POS_3 ELAPSED TIME,START_POS_4 POSITION,START_POS_4 LAP TIME,START_POS_4 ELAPSED TIME,START_POS_5 POSITION,START_POS_5 LAP TIME,START_POS_5 ELAPSED TIME,season,competition,event,gender,round,race
1,13.20,13.20,3,13.48,13.48,2,13.20,13.20,,,,4,13.57,13.57,2012-2013,"ISU World Cup 2012/2013, Shanghai (CHN)",1000m(2),m,Preliminaries,4
1,10.26,23.46,3,10.34,23.82,2,10.45,23.65,,,,4,10.38,23.95,2012-2013,"ISU World Cup 2012/2013, Shanghai (CHN)",1000m(2),m,Preliminaries,4
1,10.20,33.66,4,10.24,34.06,3,10.18,33.83,2,,33.75,5,10.22,34.17,2012-2013,"ISU World Cup 2012/2013, Shanghai (CHN)",1000m(2),m,Preliminaries,4
1,9.59,43.25,4,9.50,43.56,2,9.46,43.29,3,9.65,43.40,5,9.54,43.71,2012-2013,"ISU World Cup 2012/2013, Shanghai (CHN)",1000m(2),m,Preliminaries,4
2,8.94,52.19,4,9.09,52.65,1,8.84,52.13,3,8.99,52.39,5,9.08,52.79,2012-2013,"ISU World Cup 2012/2013, Shanghai (CHN)",1000m(2),m,Preliminaries,4
2,8.85,1:01.04,4,9.11,1:01.76,1,8.81,1:00.94,3,9.03,1:01.42,5,9.08,1:01.87,2012-2013,"ISU World Cup 2012/2013, Shanghai (CHN)",1000m(2),m,Preliminaries,4
2,8.83,1:09.87,4,9.14,1:10.90,1,8.73,1:09.67,3,9.07,1:10.49,5,9.15,1:11.02,2012-2013,"ISU World Cup 2012/2013, Shanghai (CHN)",1000m(2),m,Preliminaries,4
2,9.04,1:18.91,5,9.42,1:20.32,1,8.84,1:18.51,3,9.21,1:19.70,4,9.26,1:20.28,2012-2013,"ISU World Cup 2012/2013, Shanghai (CHN)",1000m(2),m,Preliminaries,4
2,9.49,1:28.397,3,9.85,1:30.170,1,9.22,1:27.729,0,,PEN,4,27.49,1:47.764,2012-2013,"ISU World Cup 2012/2013, Shanghai (CHN)",1000m(2),m,Preliminaries,4
