Agne SEREIKAITE POSITION,Agne SEREIKAITE LAP TIME,Agne SEREIKAITE ELAPSED TIME,Gergana PATSOVA POSITION,Gergana PATSOVA LAP TIME,Gergana PATSOVA ELAPSED TIME,Vera ANTANENKA POSITION,Vera ANTANENKA LAP TIME,Vera ANTANENKA ELAPSED TIME,Andrea KESZLER POSITION,Andrea KESZLER LAP TIME,Andrea KESZLER ELAPSED TIME
1,12.90,12.90,4,13.44,13.44,3,13.20,13.20,2,13.01,13.01
1,9.79,22.69,4,9.66,23.10,3,9.73,22.93,2,9.79,22.80
1,9.54,32.23,4,9.61,32.71,3,9.55,32.48,2,9.54,32.34
1,9.61,41.84,4,9.56,42.27,3,9.59,42.07,2,9.60,41.94
1,9.74,51.58,4,9.83,52.10,3,9.75,51.82,2,9.74,51.68
1,9.77,1:01.35,4,10.05,1:02.15,3,9.74,1:01.56,2,9.76,1:01.44
1,9.90,1:11.25,4,10.63,1:12.78,3,9.95,1:11.51,2,9.91,1:11.35
1,10.19,1:21.44,4,11.04,1:23.82,3,10.22,1:21.73,2,10.19,1:21.54
1,10.47,1:31.908,4,11.45,1:35.261,3,10.54,1:32.269,2,10.39,1:31.925
