START_POS_1 POSITION,START_POS_1 LAP TIME,START_POS_1 ELAPSED TIME,START_POS_2 POSITION,START_POS_2 LAP TIME,START_POS_2 ELAPSED TIME,START_POS_3 POSITION,START_POS_3 LAP TIME,START_POS_3 ELAPSED TIME,START_POS_4 POSITION,START_POS_4 LAP TIME,START_POS_4 ELAPSED TIME,season,competition,event,gender,round,race
2,13.81,13.81,4,14.04,14.04,3,13.94,13.94,1,13.69,13.69,2012-2013,"ISU World Cup 2012/2013, Sochi (RUS)",1000m,w,RepSemifinals,2
1,10.74,24.55,4,10.87,24.91,3,10.86,24.80,2,10.96,24.65,2012-2013,"ISU World Cup 2012/2013, Sochi (RUS)",1000m,w,RepSemifinals,2
1,10.84,35.39,4,10.69,35.60,3,10.80,35.60,2,10.83,35.48,2012-2013,"ISU World Cup 2012/2013, Sochi (RUS)",1000m,w,RepSemifinals,2
1,10.37,45.76,4,10.48,46.08,3,10.34,45.94,2,10.36,45.84,2012-2013,"ISU World Cup 2012/2013, Sochi (RUS)",1000m,w,RepSemifinals,2
2,10.05,55.81,4,9.91,55.99,3,9.91,55.85,1,9.92,55.76,2012-2013,"ISU World Cup 2012/2013, Sochi (RUS)",1000m,w,RepSemifinals,2
2,10.00,1:05.81,4,10.04,1:06.03,3,10.08,1:05.93,1,9.94,1:05.70,2012-2013,"ISU World Cup 2012/2013, Sochi (RUS)",1000m,w,RepSemifinals,2
2,10.00,1:15.81,4,10.60,1:16.63,3,9.96,1:15.89,1,10.01,1:15.71,2012-2013,"ISU World Cup 2012/2013, Sochi (RUS)",1000m,w,RepSemifinals,2
1,9.91,1:25.72,4,11.53,1:28.16,3,9.96,1:25.85,2,10.03,1:25.74,2012-2013,"ISU World Cup 2012/2013, Sochi (RUS)",1000m,w,RepSemifinals,2
1,9.98,1:35.696,4,11.98,1:40.132,3,10.22,1:36.070,2,10.24,1:35.977,2012-2013,"ISU World Cup 2012/2013, Sochi (RUS)",1000m,w,RepSemifinals,2
