START_POS_1 POSITION,START_POS_1 LAP TIME,START_POS_1 ELAPSED TIME,START_POS_2 POSITION,START_POS_2 LAP TIME,START_POS_2 ELAPSED TIME,START_POS_3 POSITION,START_POS_3 LAP TIME,START_POS_3 ELAPSED TIME,START_POS_4 POSITION,START_POS_4 LAP TIME,START_POS_4 ELAPSED TIME,season,competition,event,gender,round,race
1,12.07,12.07,2,12.14,12.14,3,12.16,12.16,4,12.43,12.43,2012-2013,"ISU World Cup 2012/2013, Sochi (RUS)",1000m,m,Semifinals,2
1,9.12,21.19,2,9.16,21.30,3,9.28,21.44,4,9.15,21.58,2012-2013,"ISU World Cup 2012/2013, Sochi (RUS)",1000m,m,Semifinals,2
1,9.13,30.32,2,9.12,30.42,3,9.06,30.50,4,9.07,30.65,2012-2013,"ISU World Cup 2012/2013, Sochi (RUS)",1000m,m,Semifinals,2
1,9.15,39.47,2,9.14,39.56,3,9.15,39.65,4,9.13,39.78,2012-2013,"ISU World Cup 2012/2013, Sochi (RUS)",1000m,m,Semifinals,2
1,9.10,48.57,2,9.02,48.58,3,9.05,48.70,4,9.12,48.90,2012-2013,"ISU World Cup 2012/2013, Sochi (RUS)",1000m,m,Semifinals,2
1,9.17,57.74,3,9.30,57.88,4,25.00,1:13.70,2,8.93,57.83,2012-2013,"ISU World Cup 2012/2013, Sochi (RUS)",1000m,m,Semifinals,2
1,9.11,1:06.85,3,9.20,1:07.08,4,19.06,1:32.76,2,9.14,1:06.97,2012-2013,"ISU World Cup 2012/2013, Sochi (RUS)",1000m,m,Semifinals,2
1,9.19,1:16.04,3,9.15,1:16.23,4,13.59,1:46.35,2,9.14,1:16.11,2012-2013,"ISU World Cup 2012/2013, Sochi (RUS)",1000m,m,Semifinals,2
1,9.12,1:25.159,0,,PEN,3,11.38,1:57.725,2,9.07,1:25.179,2012-2013,"ISU World Cup 2012/2013, Sochi (RUS)",1000m,m,Semifinals,2
