Phillip SMITH POSITION,Phillip SMITH LAP TIME,Phillip SMITH ELAPSED TIME,Dennis VISSER POSITION,Dennis VISSER LAP TIME,Dennis VISSER ELAPSED TIME,Maksim ZHERNOVY POSITION,Maksim ZHERNOVY LAP TIME,Maksim ZHERNOVY ELAPSED TIME,Tamas RUSZ POSITION,Tamas RUSZ LAP TIME,Tamas RUSZ ELAPSED TIME,LEE Hyo Been POSITION,LEE Hyo Been LAP TIME,LEE Hyo Been ELAPSED TIME
5,14.73,14.73,2,13.13,13.13,1,12.86,12.86,3,13.25,13.25,4,13.66,13.66
5,11.38,26.11,2,10.20,23.33,1,10.41,23.27,3,10.23,23.48,4,9.99,23.65
5,11.54,37.65,2,10.34,33.67,3,10.40,33.67,4,10.40,33.88,1,9.67,33.32
5,11.62,49.27,2,9.52,43.19,3,9.64,43.31,4,9.57,43.45,1,9.74,43.06
5,12.34,1:01.61,2,9.59,52.78,3,9.57,52.88,4,9.55,53.00,1,9.61,52.67
5,12.87,1:14.48,2,9.46,1:02.24,3,9.51,1:02.39,4,9.65,1:02.65,1,9.33,1:02.00
5,12.70,1:27.18,2,9.54,1:11.78,3,9.68,1:12.07,4,9.98,1:12.63,1,9.29,1:11.29
5,12.94,1:40.12,2,9.82,1:21.60,3,10.26,1:22.33,4,10.34,1:22.97,1,9.57,1:20.86
5,13.04,1:53.158,2,10.24,1:31.833,3,10.57,1:32.900,4,10.64,1:33.606,1,9.61,1:30.468
