START_POS_1 POSITION,START_POS_1 LAP TIME,START_POS_1 ELAPSED TIME,START_POS_2 POSITION,START_POS_2 LAP TIME,START_POS_2 ELAPSED TIME,START_POS_3 POSITION,START_POS_3 LAP TIME,START_POS_3 ELAPSED TIME,START_POS_4 POSITION,START_POS_4 LAP TIME,START_POS_4 ELAPSED TIME,season,competition,event,gender,round,race
3,14.59,14.59,2,14.42,14.42,1,14.30,14.30,4,14.73,14.73,2012-2013,"ISU World Cup 2012/2013, Nagoya (JPN)",1000m,w,Heats,2
3,11.38,25.97,2,11.41,25.83,1,11.40,25.70,4,11.37,26.10,2012-2013,"ISU World Cup 2012/2013, Nagoya (JPN)",1000m,w,Heats,2
3,10.95,36.92,2,11.00,36.83,1,11.02,36.72,4,10.95,37.05,2012-2013,"ISU World Cup 2012/2013, Nagoya (JPN)",1000m,w,Heats,2
3,11.01,47.93,2,10.98,47.81,1,10.97,47.69,4,11.01,48.06,2012-2013,"ISU World Cup 2012/2013, Nagoya (JPN)",1000m,w,Heats,2
3,10.52,58.45,2,10.52,58.33,1,10.52,58.21,4,10.57,58.63,2012-2013,"ISU World Cup 2012/2013, Nagoya (JPN)",1000m,w,Heats,2
3,9.78,1:08.23,2,9.71,1:08.04,1,9.73,1:07.94,4,9.87,1:08.50,2012-2013,"ISU World Cup 2012/2013, Nagoya (JPN)",1000m,w,Heats,2
3,9.71,1:17.94,2,9.46,1:17.50,1,9.47,1:17.41,4,9.82,1:18.32,2012-2013,"ISU World Cup 2012/2013, Nagoya (JPN)",1000m,w,Heats,2
3,9.89,1:27.83,2,9.33,1:26.83,1,9.30,1:26.71,4,10.31,1:28.63,2012-2013,"ISU World Cup 2012/2013, Nagoya (JPN)",1000m,w,Heats,2
3,10.33,1:38.159,2,9.51,1:36.340,1,9.59,1:36.294,4,10.68,1:39.309,2012-2013,"ISU World Cup 2012/2013, Nagoya (JPN)",1000m,w,Heats,2
