Francois HAMELIN POSITION,Francois HAMELIN LAP TIME,Francois HAMELIN ELAPSED TIME,BYKANOV Vladislav POSITION,BYKANOV Vladislav LAP TIME,BYKANOV Vladislav ELAPSED TIME,Torsten KROEGER POSITION,Torsten KROEGER LAP TIME,Torsten KROEGER ELAPSED TIME,BLACKBURN Mackenzie POSITION,BLACKBURN Mackenzie LAP TIME,BLACKBURN Mackenzie ELAPSED TIME,Paul STANLEY POSITION,Paul STANLEY LAP TIME,Paul STANLEY ELAPSED TIME
1,12.72,12.72,2,12.84,12.84,4,13.04,13.04,3,12.94,12.94,5,13.17,13.17
1,9.70,22.42,4,9.79,22.63,2,9.52,22.56,3,9.68,22.62,5,9.56,22.73
1,9.38,31.80,5,9.43,32.06,2,9.38,31.94,3,9.36,31.98,4,9.30,32.03
1,9.17,40.97,5,9.33,41.39,3,9.30,41.24,4,9.33,41.31,2,9.07,41.10
1,8.91,49.88,4,8.93,50.32,5,9.12,50.36,3,8.91,50.22,2,8.89,49.99
1,8.91,58.79,4,8.80,59.12,5,9.09,59.45,3,8.78,59.00,2,8.92,58.91
1,8.84,1:07.63,3,8.82,1:07.94,5,9.12,1:08.57,4,8.95,1:07.95,2,8.95,1:07.86
1,8.90,1:16.53,2,8.98,1:16.92,5,9.53,1:18.10,4,9.29,1:17.24,3,9.09,1:16.95
1,9.22,1:25.744,2,9.31,1:26.225,5,9.90,1:27.992,4,9.77,1:27.009,3,9.57,1:26.519
