START_POS_1 POSITION,START_POS_1 LAP TIME,START_POS_1 ELAPSED TIME,START_POS_2 POSITION,START_POS_2 LAP TIME,START_POS_2 ELAPSED TIME,START_POS_3 POSITION,START_POS_3 LAP TIME,START_POS_3 ELAPSED TIME,START_POS_4 POSITION,START_POS_4 LAP TIME,START_POS_4 ELAPSED TIME,season,competition,event,gender,round,race
1,13.50,13.50,2,13.69,13.69,,,,,,,2013-2014,ISU World Junior Short Track Speed Skating Championships 2014,1000m,w,Heats,2
2,9.84,23.34,4,10.69,24.38,3,,24.06,1,,23.25,2013-2014,ISU World Junior Short Track Speed Skating Championships 2014,1000m,w,Heats,2
1,9.68,33.02,3,8.97,33.35,4,9.79,33.85,2,9.91,33.16,2013-2014,ISU World Junior Short Track Speed Skating Championships 2014,1000m,w,Heats,2
1,10.06,43.08,2,9.85,43.20,3,10.01,43.86,4,10.99,44.15,2013-2014,ISU World Junior Short Track Speed Skating Championships 2014,1000m,w,Heats,2
2,9.98,53.06,1,9.80,53.00,3,9.94,53.80,4,10.33,54.48,2013-2014,ISU World Junior Short Track Speed Skating Championships 2014,1000m,w,Heats,2
1,9.67,1:02.73,2,9.81,1:02.81,3,9.58,1:03.38,4,11.63,1:06.11,2013-2014,ISU World Junior Short Track Speed Skating Championships 2014,1000m,w,Heats,2
2,9.89,1:12.62,1,9.36,1:12.17,3,9.62,1:13.00,4,11.65,1:17.76,2013-2014,ISU World Junior Short Track Speed Skating Championships 2014,1000m,w,Heats,2
2,9.52,1:22.14,1,9.73,1:21.90,3,9.54,1:22.54,4,12.56,1:30.32,2013-2014,ISU World Junior Short Track Speed Skating Championships 2014,1000m,w,Heats,2
3,10.84,1:32.971,2,10.44,1:32.340,1,9.54,1:32.077,4,12.67,1:42.983,2013-2014,ISU World Junior Short Track Speed Skating Championships 2014,1000m,w,Heats,2
