Arianna FONTANA POSITION,Arianna FONTANA LAP TIME,Arianna FONTANA ELAPSED TIME,Valerie MALTAIS POSITION,Valerie MALTAIS LAP TIME,Valerie MALTAIS ELAPSED TIME,WALTER Bianca POSITION,WALTER Bianca LAP TIME,WALTER Bianca ELAPSED TIME,Alix-Myra ANDERSON POSITION,Alix-Myra ANDERSON LAP TIME,Alix-Myra ANDERSON ELAPSED TIME
1,14.03,14.03,2,14.17,14.17,3,14.27,14.27,4,14.42,14.42
3,11.07,25.10,1,10.63,24.80,2,10.65,24.92,4,10.78,25.20
2,10.00,35.10,1,10.18,34.98,3,10.19,35.11,4,10.12,35.32
2,9.53,44.63,1,9.55,44.53,3,9.62,44.73,4,9.64,44.96
2,9.69,54.32,1,9.67,54.20,3,9.67,54.40,4,9.60,54.56
2,9.76,1:04.08,1,9.81,1:04.01,3,9.74,1:04.14,4,9.77,1:04.33
2,9.69,1:13.77,1,9.67,1:13.68,3,9.82,1:13.96,4,9.81,1:14.14
2,9.55,1:23.32,1,9.56,1:23.24,3,9.78,1:23.74,4,9.88,1:24.02
2,9.50,1:32.819,1,9.44,1:32.676,3,10.19,1:33.924,4,9.97,1:33.989
