START_POS_1 POSITION,START_POS_1 LAP TIME,START_POS_1 ELAPSED TIME,START_POS_2 POSITION,START_POS_2 LAP TIME,START_POS_2 ELAPSED TIME,START_POS_3 POSITION,START_POS_3 LAP TIME,START_POS_3 ELAPSED TIME,START_POS_4 POSITION,START_POS_4 LAP TIME,START_POS_4 ELAPSED TIME,season,competition,event,gender,round,race
1,13.00,13.00,2,13.12,13.12,3,13.19,13.19,4,13.35,13.35,2013-2014,"ISU World Cup 2013/2014, Kolomna (RUS)",1000m,m,Preliminaries,13
3,10.00,23.00,1,9.70,22.82,2,9.68,22.87,4,9.74,23.09,2013-2014,"ISU World Cup 2013/2014, Kolomna (RUS)",1000m,m,Preliminaries,13
3,9.90,32.90,2,9.97,32.79,1,9.88,32.75,4,9.96,33.05,2013-2014,"ISU World Cup 2013/2014, Kolomna (RUS)",1000m,m,Preliminaries,13
3,9.78,42.68,2,9.81,42.60,1,9.73,42.48,4,9.75,42.80,2013-2014,"ISU World Cup 2013/2014, Kolomna (RUS)",1000m,m,Preliminaries,13
3,9.46,52.14,1,9.34,51.94,2,9.54,52.02,4,9.44,52.24,2013-2014,"ISU World Cup 2013/2014, Kolomna (RUS)",1000m,m,Preliminaries,13
3,9.23,1:01.37,1,9.24,1:01.18,2,9.25,1:01.27,4,9.23,1:01.47,2013-2014,"ISU World Cup 2013/2014, Kolomna (RUS)",1000m,m,Preliminaries,13
3,9.06,1:10.43,1,9.07,1:10.25,2,9.07,1:10.34,4,9.07,1:10.54,2013-2014,"ISU World Cup 2013/2014, Kolomna (RUS)",1000m,m,Preliminaries,13
4,9.19,1:19.62,1,9.06,1:19.31,2,9.04,1:19.38,3,8.98,1:19.52,2013-2014,"ISU World Cup 2013/2014, Kolomna (RUS)",1000m,m,Preliminaries,13
4,9.25,1:28.866,1,9.23,1:28.540,2,9.21,1:28.588,3,9.24,1:28.753,2013-2014,"ISU World Cup 2013/2014, Kolomna (RUS)",1000m,m,Preliminaries,13
