START_POS_1 POSITION,START_POS_1 LAP TIME,START_POS_1 ELAPSED TIME,START_POS_2 POSITION,START_POS_2 LAP TIME,START_POS_2 ELAPSED TIME,START_POS_3 POSITION,START_POS_3 LAP TIME,START_POS_3 ELAPSED TIME,START_POS_4 POSITION,START_POS_4 LAP TIME,START_POS_4 ELAPSED TIME,season,competition,event,gender,round,race
1,13.14,13.14,2,13.14,13.14,3,13.25,13.25,4,13.36,13.36,2013-2014,"ISU World Cup 2013/2014, Seoul (KOR)",1000m,m,Quarterfinals,4
1,9.95,23.09,2,10.06,23.20,4,10.14,23.39,3,9.91,23.27,2013-2014,"ISU World Cup 2013/2014, Seoul (KOR)",1000m,m,Quarterfinals,4
1,9.64,32.73,2,9.63,32.83,4,9.62,33.01,3,9.57,32.84,2013-2014,"ISU World Cup 2013/2014, Seoul (KOR)",1000m,m,Quarterfinals,4
1,9.03,41.76,2,9.15,41.98,3,9.05,42.06,4,9.24,42.08,2013-2014,"ISU World Cup 2013/2014, Seoul (KOR)",1000m,m,Quarterfinals,4
1,9.01,50.77,2,8.82,50.80,3,8.90,50.96,4,9.08,51.16,2013-2014,"ISU World Cup 2013/2014, Seoul (KOR)",1000m,m,Quarterfinals,4
2,8.89,59.66,1,8.76,59.56,3,8.87,59.83,4,8.78,59.94,2013-2014,"ISU World Cup 2013/2014, Seoul (KOR)",1000m,m,Quarterfinals,4
2,8.78,1:08.44,1,8.78,1:08.34,4,8.89,1:08.72,3,8.67,1:08.61,2013-2014,"ISU World Cup 2013/2014, Seoul (KOR)",1000m,m,Quarterfinals,4
2,9.11,1:17.55,1,9.20,1:17.54,4,9.01,1:17.73,3,9.00,1:17.61,2013-2014,"ISU World Cup 2013/2014, Seoul (KOR)",1000m,m,Quarterfinals,4
3,9.58,1:27.129,1,9.30,1:26.835,4,9.74,1:27.468,2,9.45,1:27.057,2013-2014,"ISU World Cup 2013/2014, Seoul (KOR)",1000m,m,Quarterfinals,4
