START_POS_1 POSITION,START_POS_1 LAP TIME,START_POS_1 ELAPSED TIME,START_POS_2 POSITION,START_POS_2 LAP TIME,START_POS_2 ELAPSED TIME,START_POS_3 POSITION,START_POS_3 LAP TIME,START_POS_3 ELAPSED TIME,START_POS_4 POSITION,START_POS_4 LAP TIME,START_POS_4 ELAPSED TIME,season,competition,event,gender,round,race
3,18.21,18.21,1,18.07,18.07,2,18.20,18.20,,,,2013-2014,"ISU World Cup 2013/2014, Kolomna (RUS)",1000m,m,FinalB,1
2,12.26,30.47,1,12.23,30.30,3,12.42,30.62,,,,2013-2014,"ISU World Cup 2013/2014, Kolomna (RUS)",1000m,m,FinalB,1
2,10.28,40.75,1,10.43,40.73,3,10.38,41.00,,,,2013-2014,"ISU World Cup 2013/2014, Kolomna (RUS)",1000m,m,FinalB,1
1,9.33,50.08,2,9.45,50.18,3,9.34,50.34,,,,2013-2014,"ISU World Cup 2013/2014, Kolomna (RUS)",1000m,m,FinalB,1
1,9.21,59.29,2,9.20,59.38,3,9.15,59.49,,,,2013-2014,"ISU World Cup 2013/2014, Kolomna (RUS)",1000m,m,FinalB,1
1,9.05,1:08.34,2,8.99,1:08.37,3,8.99,1:08.48,,,,2013-2014,"ISU World Cup 2013/2014, Kolomna (RUS)",1000m,m,FinalB,1
1,8.91,1:17.25,3,9.03,1:17.40,2,8.80,1:17.28,,,,2013-2014,"ISU World Cup 2013/2014, Kolomna (RUS)",1000m,m,FinalB,1
1,8.76,1:26.01,3,8.80,1:26.20,2,8.83,1:26.11,,,,2013-2014,"ISU World Cup 2013/2014, Kolomna (RUS)",1000m,m,FinalB,1
1,8.78,1:34.791,2,8.62,1:34.820,3,8.77,1:34.875,0,,DNS,2013-2014,"ISU World Cup 2013/2014, Kolomna (RUS)",1000m,m,FinalB,1
