NOH Jinkyu POSITION,NOH Jinkyu LAP TIME,NOH Jinkyu ELAPSED TIME,HAMELIN Charles POSITION,HAMELIN Charles LAP TIME,HAMELIN Charles ELAPSED TIME,KNEGT Sjinkie POSITION,KNEGT Sjinkie LAP TIME,KNEGT Sjinkie ELAPSED TIME,Vladimir GRIGOREV POSITION,Vladimir GRIGOREV LAP TIME,Vladimir GRIGOREV ELAPSED TIME
3,12.38,12.38,1,12.23,12.23,2,12.29,12.29,4,12.51,12.51
3,9.49,21.87,1,9.45,21.68,2,9.46,21.75,4,9.49,22.00
3,9.29,31.16,1,9.27,30.95,2,9.27,31.02,4,9.28,31.28
3,9.14,40.30,1,9.13,40.08,2,9.14,40.16,4,9.12,40.40
3,9.09,49.39,1,9.11,49.19,2,9.10,49.26,4,9.11,49.51
3,9.06,58.45,1,9.05,58.24,2,9.06,58.32,4,9.09,58.60
3,8.93,1:07.38,1,8.99,1:07.23,2,9.00,1:07.32,4,8.89,1:07.49
2,8.84,1:16.22,1,8.91,1:16.14,3,8.93,1:16.25,4,8.85,1:16.34
4,9.11,1:25.321,1,8.86,1:24.997,2,8.79,1:25.039,3,8.87,1:25.204
