START_POS_1 POSITION,START_POS_1 LAP TIME,START_POS_1 ELAPSED TIME,START_POS_2 POSITION,START_POS_2 LAP TIME,START_POS_2 ELAPSED TIME,START_POS_3 POSITION,START_POS_3 LAP TIME,START_POS_3 ELAPSED TIME,START_POS_4 POSITION,START_POS_4 LAP TIME,START_POS_4 ELAPSED TIME,season,competition,event,gender,round,race
3,15.88,15.88,4,15.95,15.95,2,15.78,15.78,1,15.66,15.66,2013-2014,"ISU World Cup 2013/2014, Torino (ITA)",1000m,w,Preliminaries,4
4,11.72,27.60,1,11.42,27.37,3,11.73,27.51,2,11.72,27.38,2013-2014,"ISU World Cup 2013/2014, Torino (ITA)",1000m,w,Preliminaries,4
4,10.18,37.78,1,9.83,37.20,3,10.15,37.66,2,10.18,37.56,2013-2014,"ISU World Cup 2013/2014, Torino (ITA)",1000m,w,Preliminaries,4
4,9.88,47.66,1,10.02,47.22,3,9.90,47.56,2,9.89,47.45,2013-2014,"ISU World Cup 2013/2014, Torino (ITA)",1000m,w,Preliminaries,4
4,10.11,57.77,1,10.14,57.36,3,10.12,57.68,2,10.11,57.56,2013-2014,"ISU World Cup 2013/2014, Torino (ITA)",1000m,w,Preliminaries,4
4,9.91,1:07.68,2,10.12,1:07.48,3,9.89,1:07.57,1,9.84,1:07.40,2013-2014,"ISU World Cup 2013/2014, Torino (ITA)",1000m,w,Preliminaries,4
3,9.63,1:17.31,4,10.16,1:17.64,2,9.53,1:17.10,1,9.61,1:17.01,2013-2014,"ISU World Cup 2013/2014, Torino (ITA)",1000m,w,Preliminaries,4
3,9.62,1:26.93,4,10.24,1:27.88,2,9.73,1:26.83,1,9.70,1:26.71,2013-2014,"ISU World Cup 2013/2014, Torino (ITA)",1000m,w,Preliminaries,4
3,9.76,1:36.690,4,10.56,1:38.439,2,9.67,1:36.498,1,9.74,1:36.445,2013-2014,"ISU World Cup 2013/2014, Torino (ITA)",1000m,w,Preliminaries,4
