START_POS_1 POSITION,START_POS_1 LAP TIME,START_POS_1 ELAPSED TIME,START_POS_2 POSITION,START_POS_2 LAP TIME,START_POS_2 ELAPSED TIME,START_POS_3 POSITION,START_POS_3 LAP TIME,START_POS_3 ELAPSED TIME,START_POS_4 POSITION,START_POS_4 LAP TIME,START_POS_4 ELAPSED TIME,START_POS_5 POSITION,START_POS_5 LAP TIME,START_POS_5 ELAPSED TIME,season,competition,event,gender,round,race
1,13.02,13.02,5,13.27,13.27,3,13.15,13.15,2,13.09,13.09,4,13.23,13.23,2013-2014,ISU European Short Track Speed Skating Championships 2014,1000m,w,Semifinals,2
1,10.08,23.10,5,10.30,23.57,2,10.02,23.17,3,10.12,23.21,4,10.16,23.39,2013-2014,ISU European Short Track Speed Skating Championships 2014,1000m,w,Semifinals,2
2,9.89,32.99,5,9.64,33.21,4,9.93,33.10,3,9.87,33.08,1,9.43,32.82,2013-2014,ISU European Short Track Speed Skating Championships 2014,1000m,w,Semifinals,2
1,9.54,42.53,5,9.70,42.91,4,9.67,42.77,3,9.60,42.68,2,9.74,42.56,2013-2014,ISU European Short Track Speed Skating Championships 2014,1000m,w,Semifinals,2
1,9.69,52.22,5,9.62,52.53,3,9.57,52.34,4,9.71,52.39,2,9.74,52.30,2013-2014,ISU European Short Track Speed Skating Championships 2014,1000m,w,Semifinals,2
1,9.43,1:01.65,4,9.68,1:02.21,2,9.61,1:01.95,3,9.70,1:02.09,5,10.37,1:02.67,2013-2014,ISU European Short Track Speed Skating Championships 2014,1000m,w,Semifinals,2
1,9.27,1:10.92,4,9.36,1:11.57,2,9.43,1:11.38,3,9.38,1:11.47,5,9.95,1:12.62,2013-2014,ISU European Short Track Speed Skating Championships 2014,1000m,w,Semifinals,2
1,9.38,1:20.30,4,9.53,1:21.10,2,9.45,1:20.83,3,9.54,1:21.01,5,10.65,1:23.27,2013-2014,ISU European Short Track Speed Skating Championships 2014,1000m,w,Semifinals,2
1,9.75,1:30.049,2,9.38,1:30.471,0,,PEN,3,9.61,1:30.617,4,11.02,1:34.284,2013-2014,ISU European Short Track Speed Skating Championships 2014,1000m,w,Semifinals,2
