START_POS_1 POSITION,START_POS_1 LAP TIME,START_POS_1 ELAPSED TIME,START_POS_2 POSITION,START_POS_2 LAP TIME,START_POS_2 ELAPSED TIME,START_POS_3 POSITION,START_POS_3 LAP TIME,START_POS_3 ELAPSED TIME,START_POS_4 POSITION,START_POS_4 LAP TIME,START_POS_4 ELAPSED TIME,season,competition,event,gender,round,race
1,12.81,12.81,3,13.06,13.06,2,12.91,12.91,4,13.16,13.16,2013-2014,Sochi 2014 Olympic Winter Games,1000m,w,Semifinals,1
1,9.96,22.77,3,9.92,22.98,2,9.96,22.87,4,9.92,23.08,2013-2014,Sochi 2014 Olympic Winter Games,1000m,w,Semifinals,1
1,9.93,32.70,4,10.03,33.01,2,9.91,32.78,3,9.78,32.86,2013-2014,Sochi 2014 Olympic Winter Games,1000m,w,Semifinals,1
1,9.69,42.39,4,9.66,42.67,2,9.69,42.47,3,9.70,42.56,2013-2014,Sochi 2014 Olympic Winter Games,1000m,w,Semifinals,1
1,9.77,52.16,4,9.83,52.50,2,9.71,52.18,3,9.77,52.33,2013-2014,Sochi 2014 Olympic Winter Games,1000m,w,Semifinals,1
2,9.64,1:01.80,4,9.46,1:01.96,1,9.49,1:01.67,3,9.52,1:01.85,2013-2014,Sochi 2014 Olympic Winter Games,1000m,w,Semifinals,1
2,9.56,1:11.36,4,9.57,1:11.53,1,9.49,1:11.16,3,9.61,1:11.46,2013-2014,Sochi 2014 Olympic Winter Games,1000m,w,Semifinals,1
2,9.36,1:20.72,4,9.40,1:20.93,1,9.44,1:20.60,3,9.36,1:20.82,2013-2014,Sochi 2014 Olympic Winter Games,1000m,w,Semifinals,1
4,35.80,1:56.511,3,9.55,1:30.481,1,9.59,1:30.182,2,9.58,1:30.399,2013-2014,Sochi 2014 Olympic Winter Games,1000m,w,Semifinals,1
