ITALY POSITION,ITALY LAP TIME,ITALY ELAPSED TIME,CHINA POSITION,CHINA LAP TIME,CHINA ELAPSED TIME,RUSSIA POSITION,RUSSIA LAP TIME,RUSSIA ELAPSED TIME,CANADA POSITION,CANADA LAP TIME,CANADA ELAPSED TIME
2,12.23,12.23,1,12.11,12.11,4,12.40,12.40,3,12.39,12.39
2,9.12,21.35,1,9.17,21.28,4,9.21,21.61,3,9.08,21.47
2,9.15,30.50,1,9.14,30.42,4,9.14,30.75,3,9.09,30.56
2,8.95,39.45,1,8.95,39.37,4,8.95,39.70,3,8.98,39.54
2,9.03,48.48,1,9.00,48.37,4,9.05,48.75,3,9.05,48.59
2,8.96,57.44,1,8.97,57.34,4,8.96,57.71,3,9.00,57.59
2,9.03,1:06.47,1,9.05,1:06.39,4,9.02,1:06.73,3,8.98,1:06.57
2,8.91,1:15.38,1,8.92,1:15.31,4,9.05,1:15.78,3,9.06,1:15.63
2,8.93,1:24.31,1,8.94,1:24.25,4,8.83,1:24.61,3,8.74,1:24.37
2,9.08,1:33.39,1,9.06,1:33.31,4,9.09,1:33.70,3,9.09,1:33.46
2,9.09,1:42.48,1,9.08,1:42.39,4,9.09,1:42.79,3,9.16,1:42.62
2,8.92,1:51.40,1,8.92,1:51.31,4,8.92,1:51.71,3,8.92,1:51.54
2,9.09,2:00.49,1,8.76,2:00.07,4,9.03,2:00.74,3,9.04,2:00.58
2,8.97,2:09.46,1,9.29,2:09.36,4,9.01,2:09.75,3,8.98,2:09.56
3,9.02,2:18.48,1,8.84,2:18.20,4,8.73,2:18.48,2,8.80,2:18.36
2,8.77,2:27.25,1,8.97,2:27.17,4,9.03,2:27.51,3,8.97,2:27.33
2,8.96,2:36.21,1,8.94,2:36.11,4,9.01,2:36.52,3,8.97,2:36.30
2,9.14,2:45.35,1,8.87,2:44.98,4,9.08,2:45.60,3,9.29,2:45.59
2,8.75,2:54.10,1,8.74,2:53.72,4,9.12,2:54.72,3,9.00,2:54.59
2,8.59,3:02.69,1,8.66,3:02.38,4,8.57,3:03.29,3,8.53,3:03.12
2,8.60,3:11.29,1,8.76,3:11.14,4,8.36,3:11.65,3,8.32,3:11.44
2,8.87,3:20.16,1,8.90,3:20.04,3,8.95,3:20.60,4,12.83,3:24.27
2,8.92,3:29.08,1,8.88,3:28.92,3,8.93,3:29.53,4,9.24,3:33.51
2,8.91,3:37.99,1,8.77,3:37.69,3,8.93,3:38.46,4,8.88,3:42.39
2,8.82,3:46.81,1,8.65,3:46.34,3,8.54,3:47.00,4,8.74,3:51.13
2,8.73,3:55.54,1,9.12,3:55.46,3,8.86,3:55.86,4,8.56,3:59.69
2,8.77,4:04.31,1,8.75,4:04.21,3,8.64,4:04.50,4,8.68,4:08.37
2,8.95,4:13.26,1,8.95,4:13.16,3,8.90,4:13.40,4,8.66,4:17.03
2,9.07,4:22.33,1,9.01,4:22.17,3,9.14,4:22.54,4,8.62,4:25.65
2,8.82,4:31.15,1,8.80,4:30.97,3,9.01,4:31.55,4,8.83,4:34.48
2,8.88,4:40.03,1,8.96,4:39.93,3,8.70,4:40.25,4,8.73,4:43.21
2,8.90,4:48.93,1,8.91,4:48.84,3,8.83,4:49.08,4,8.60,4:51.81
2,8.70,4:57.63,1,8.65,4:57.49,3,8.68,4:57.76,4,8.83,5:00.64
2,8.89,5:06.52,1,8.78,5:06.27,3,8.93,5:06.69,4,8.83,5:09.47
2,8.95,5:15.47,1,8.81,5:15.08,3,9.07,5:15.76,4,8.67,5:18.14
2,8.85,5:24.32,1,8.80,5:23.88,3,8.79,5:24.55,4,8.80,5:26.94
2,8.76,5:33.08,1,8.59,5:32.47,3,8.79,5:33.34,4,8.74,5:35.68
2,8.79,5:41.87,1,9.19,5:41.66,3,8.73,5:42.07,4,8.64,5:44.32
3,8.77,5:50.64,1,8.76,5:50.42,2,8.44,5:50.51,4,8.88,5:53.20
3,9.28,5:59.92,1,8.93,5:59.35,2,9.08,5:59.59,4,8.87,6:02.07
3,9.42,6:09.34,1,9.18,6:08.53,2,9.14,6:08.73,4,8.70,6:10.77
3,8.95,6:18.29,1,9.01,6:17.54,2,9.00,6:17.73,4,9.09,6:19.86
3,8.96,6:27.25,1,9.11,6:26.65,2,9.00,6:26.73,4,8.84,6:28.70
3,8.85,6:36.10,1,8.90,6:35.55,2,8.83,6:35.56,4,9.21,6:37.91
3,9.16,6:45.253,2,8.98,6:44.521,1,8.78,6:44.331,4,10.28,6:48.186
