HAMELIN Charles POSITION,HAMELIN Charles LAP TIME,HAMELIN Charles ELAPSED TIME,Armstrong LAZENBY POSITION,Armstrong LAZENBY LAP TIME,Armstrong LAZENBY ELAPSED TIME,Yuzo TAKAMIDO POSITION,Yuzo TAKAMIDO LAP TIME,Yuzo TAKAMIDO ELAPSED TIME,Maxime CHATAIGNIER POSITION,Maxime CHATAIGNIER LAP TIME,Maxime CHATAIGNIER ELAPSED TIME
2,12.84,12.84,4,13.11,13.11,1,12.76,12.76,3,12.99,12.99
2,9.94,22.78,4,9.89,23.00,1,9.94,22.70,3,9.91,22.90
2,9.68,32.46,4,9.70,32.70,1,9.67,32.37,3,9.68,32.58
2,9.38,41.84,4,9.34,42.04,1,9.36,41.73,3,9.37,41.95
2,9.01,50.85,4,9.11,51.15,1,9.04,50.77,3,9.01,50.96
2,8.86,59.71,4,9.10,1:00.25,1,8.93,59.70,3,8.94,59.90
1,8.84,1:08.55,4,9.37,1:09.62,2,9.01,1:08.71,3,8.88,1:08.78
1,8.92,1:17.47,4,9.76,1:19.38,2,8.95,1:17.66,3,8.98,1:17.76
1,9.04,1:26.506,4,10.00,1:29.374,2,9.37,1:27.029,3,9.45,1:27.204
