START_POS_1 POSITION,START_POS_1 LAP TIME,START_POS_1 ELAPSED TIME,START_POS_2 POSITION,START_POS_2 LAP TIME,START_POS_2 ELAPSED TIME,START_POS_3 POSITION,START_POS_3 LAP TIME,START_POS_3 ELAPSED TIME,START_POS_4 POSITION,START_POS_4 LAP TIME,START_POS_4 ELAPSED TIME,season,competition,event,gender,round,race
3,13.18,13.18,1,12.94,12.94,2,13.07,13.07,4,13.31,13.31,2014-2015,"ISU World Cup 2014/15 - Salt Lake City, UT (USA)",1000m(2),w,Quarterfinals,2
3,10.30,23.48,2,10.43,23.37,1,10.18,23.25,4,10.31,23.62,2014-2015,"ISU World Cup 2014/15 - Salt Lake City, UT (USA)",1000m(2),w,Quarterfinals,2
3,10.21,33.69,1,10.14,33.51,2,10.36,33.61,4,10.16,33.78,2014-2015,"ISU World Cup 2014/15 - Salt Lake City, UT (USA)",1000m(2),w,Quarterfinals,2
3,9.97,43.66,1,9.99,43.50,2,10.02,43.63,4,10.07,43.85,2014-2015,"ISU World Cup 2014/15 - Salt Lake City, UT (USA)",1000m(2),w,Quarterfinals,2
3,9.65,53.31,1,9.61,53.11,2,9.57,53.20,4,9.57,53.42,2014-2015,"ISU World Cup 2014/15 - Salt Lake City, UT (USA)",1000m(2),w,Quarterfinals,2
3,9.53,1:02.84,1,9.54,1:02.65,2,9.55,1:02.75,4,9.54,1:02.96,2014-2015,"ISU World Cup 2014/15 - Salt Lake City, UT (USA)",1000m(2),w,Quarterfinals,2
3,9.54,1:12.38,1,9.51,1:12.16,2,9.56,1:12.31,4,9.56,1:12.52,2014-2015,"ISU World Cup 2014/15 - Salt Lake City, UT (USA)",1000m(2),w,Quarterfinals,2
2,9.49,1:21.87,1,9.48,1:21.64,3,9.71,1:22.02,4,9.56,1:22.08,2014-2015,"ISU World Cup 2014/15 - Salt Lake City, UT (USA)",1000m(2),w,Quarterfinals,2
2,9.70,1:31.571,1,9.65,1:31.286,4,10.06,1:32.075,3,9.65,1:31.722,2014-2015,"ISU World Cup 2014/15 - Salt Lake City, UT (USA)",1000m(2),w,Quarterfinals,2
