Thibault CROLET POSITION,Thibault CROLET LAP TIME,Thibault CROLET ELAPSED TIME,Davide VISCARDI POSITION,Davide VISCARDI LAP TIME,Davide VISCARDI ELAPSED TIME,CHEN Dequan POSITION,CHEN Dequan LAP TIME,CHEN Dequan ELAPSED TIME,Nathaniel HENRY POSITION,Nathaniel HENRY LAP TIME,Nathaniel HENRY ELAPSED TIME
4,15.03,15.03,1,14.78,14.78,2,14.81,14.81,3,14.94,14.94
4,10.43,25.46,1,10.50,25.28,2,10.57,25.38,3,10.44,25.38
2,9.37,34.83,3,9.56,34.84,1,9.34,34.72,4,9.52,34.90
2,9.20,44.03,4,9.42,44.26,1,9.16,43.88,3,9.30,44.20
2,9.21,53.24,4,9.28,53.54,1,9.28,53.16,3,9.22,53.42
2,9.20,1:02.44,4,9.11,1:02.65,1,9.19,1:02.35,3,9.12,1:02.54
2,9.02,1:11.46,4,9.08,1:11.73,1,9.01,1:11.36,3,9.08,1:11.62
2,9.08,1:20.54,4,8.95,1:20.68,1,9.05,1:20.41,3,9.02,1:20.64
2,9.29,1:29.825,3,9.41,1:30.081,1,9.26,1:29.670,4,9.76,1:30.391
