START_POS_1 POSITION,START_POS_1 LAP TIME,START_POS_1 ELAPSED TIME,START_POS_2 POSITION,START_POS_2 LAP TIME,START_POS_2 ELAPSED TIME,START_POS_3 POSITION,START_POS_3 LAP TIME,START_POS_3 ELAPSED TIME,START_POS_4 POSITION,START_POS_4 LAP TIME,START_POS_4 ELAPSED TIME,START_POS_5 POSITION,START_POS_5 LAP TIME,START_POS_5 ELAPSED TIME,season,competition,event,gender,round,race
4,15.40,15.40,5,15.51,15.51,2,15.18,15.18,3,15.32,15.32,1,15.07,15.07,2014-2015,ISU World Cup 2014/15 - Seoul (KOR),1000m,m,RepQuarterfinals,1
4,13.25,28.65,5,13.25,28.76,2,13.16,28.34,3,13.14,28.46,1,13.14,28.21,2014-2015,ISU World Cup 2014/15 - Seoul (KOR),1000m,m,RepQuarterfinals,1
4,13.01,41.66,5,13.06,41.82,2,12.97,41.31,3,12.98,41.44,1,12.95,41.16,2014-2015,ISU World Cup 2014/15 - Seoul (KOR),1000m,m,RepQuarterfinals,1
1,11.28,52.94,4,11.36,53.18,5,12.02,53.33,3,11.73,53.17,2,11.91,53.07,2014-2015,ISU World Cup 2014/15 - Seoul (KOR),1000m,m,RepQuarterfinals,1
2,9.51,1:02.45,1,9.04,1:02.22,5,9.88,1:03.21,4,9.73,1:02.90,3,9.65,1:02.72,2014-2015,ISU World Cup 2014/15 - Seoul (KOR),1000m,m,RepQuarterfinals,1
2,8.81,1:11.26,1,8.94,1:11.16,5,9.10,1:12.31,4,9.10,1:12.00,3,9.05,1:11.77,2014-2015,ISU World Cup 2014/15 - Seoul (KOR),1000m,m,RepQuarterfinals,1
1,9.04,1:20.30,2,9.16,1:20.32,5,9.06,1:21.37,4,9.11,1:21.11,3,9.14,1:20.91,2014-2015,ISU World Cup 2014/15 - Seoul (KOR),1000m,m,RepQuarterfinals,1
2,9.25,1:29.55,1,9.16,1:29.48,5,36.70,1:58.07,4,9.28,1:30.39,3,9.38,1:30.29,2014-2015,ISU World Cup 2014/15 - Seoul (KOR),1000m,m,RepQuarterfinals,1
2,9.71,1:39.260,1,9.62,1:39.100,5,16.52,2:14.585,4,9.66,1:40.050,3,9.60,1:39.885,2014-2015,ISU World Cup 2014/15 - Seoul (KOR),1000m,m,RepQuarterfinals,1
