START_POS_1 POSITION,START_POS_1 LAP TIME,START_POS_1 ELAPSED TIME,START_POS_2 POSITION,START_POS_2 LAP TIME,START_POS_2 ELAPSED TIME,START_POS_3 POSITION,START_POS_3 LAP TIME,START_POS_3 ELAPSED TIME,START_POS_4 POSITION,START_POS_4 LAP TIME,START_POS_4 ELAPSED TIME,season,competition,event,gender,round,race
2,13.30,13.30,1,13.27,13.27,3,13.42,13.42,4,13.53,13.53,2014-2015,ISU World Junior Short Track Speed Skating Championships® 2015,1000m,m,Quarterfinals,2
1,10.03,23.33,3,10.14,23.41,2,9.91,23.33,4,10.05,23.58,2014-2015,ISU World Junior Short Track Speed Skating Championships® 2015,1000m,m,Quarterfinals,2
2,9.44,32.77,3,9.50,32.91,1,9.32,32.65,4,9.44,33.02,2014-2015,ISU World Junior Short Track Speed Skating Championships® 2015,1000m,m,Quarterfinals,2
1,8.99,41.76,4,9.15,42.06,2,9.22,41.87,3,8.94,41.96,2014-2015,ISU World Junior Short Track Speed Skating Championships® 2015,1000m,m,Quarterfinals,2
1,9.07,50.83,4,9.10,51.16,2,9.04,50.91,3,9.06,51.02,2014-2015,ISU World Junior Short Track Speed Skating Championships® 2015,1000m,m,Quarterfinals,2
1,9.17,1:00.00,4,9.14,1:00.30,2,9.18,1:00.09,3,9.15,1:00.17,2014-2015,ISU World Junior Short Track Speed Skating Championships® 2015,1000m,m,Quarterfinals,2
1,9.19,1:09.19,4,9.23,1:09.53,2,9.22,1:09.31,3,9.23,1:09.40,2014-2015,ISU World Junior Short Track Speed Skating Championships® 2015,1000m,m,Quarterfinals,2
1,9.25,1:18.44,4,9.30,1:18.83,2,9.28,1:18.59,3,9.32,1:18.72,2014-2015,ISU World Junior Short Track Speed Skating Championships® 2015,1000m,m,Quarterfinals,2
1,9.45,1:27.883,4,9.30,1:28.123,2,9.40,1:27.982,3,9.35,1:28.070,2014-2015,ISU World Junior Short Track Speed Skating Championships® 2015,1000m,m,Quarterfinals,2
