Maksim SIARHEYU POSITION,Maksim SIARHEYU LAP TIME,Maksim SIARHEYU ELAPSED TIME,ZHAXYBAYEV Mersaid POSITION,ZHAXYBAYEV Mersaid LAP TIME,ZHAXYBAYEV Mersaid ELAPSED TIME,Samuel GIRARD POSITION,Samuel GIRARD LAP TIME,Samuel GIRARD ELAPSED TIME,KNEGT Sjinkie POSITION,KNEGT Sjinkie LAP TIME,KNEGT Sjinkie ELAPSED TIME
1,12.75,12.75,3,13.06,13.06,2,12.86,12.86,4,13.19,13.19
1,9.90,22.65,3,9.87,22.93,2,9.90,22.76,4,9.85,23.04
2,9.63,32.28,4,9.55,32.48,1,9.40,32.16,3,9.40,32.44
2,9.31,41.59,4,9.35,41.83,1,9.31,41.47,3,9.24,41.68
2,9.24,50.83,4,9.30,51.13,1,9.24,50.71,3,9.27,50.95
2,9.12,59.95,4,9.07,1:00.20,1,9.15,59.86,3,9.03,59.98
3,9.25,1:09.20,4,9.11,1:09.31,1,9.11,1:08.97,2,9.06,1:09.04
3,9.38,1:18.58,4,9.38,1:18.69,1,9.12,1:18.09,2,9.06,1:18.10
3,9.53,1:28.101,4,9.47,1:28.160,1,9.28,1:27.361,2,9.37,1:27.461
