START_POS_1 POSITION,START_POS_1 LAP TIME,START_POS_1 ELAPSED TIME,START_POS_2 POSITION,START_POS_2 LAP TIME,START_POS_2 ELAPSED TIME,START_POS_3 POSITION,START_POS_3 LAP TIME,START_POS_3 ELAPSED TIME,START_POS_4 POSITION,START_POS_4 LAP TIME,START_POS_4 ELAPSED TIME,season,competition,event,gender,round,race
1,13.65,13.65,3,14.00,14.00,2,13.79,13.79,4,14.09,14.09,2014-2015,"ISU World Cup 2014/15 - Salt Lake City, UT (USA)",1000m(2),m,Heats,2
1,10.51,24.16,4,10.51,24.51,2,10.47,24.26,3,10.31,24.40,2014-2015,"ISU World Cup 2014/15 - Salt Lake City, UT (USA)",1000m(2),m,Heats,2
1,10.28,34.44,4,10.14,34.65,3,10.30,34.56,2,10.15,34.55,2014-2015,"ISU World Cup 2014/15 - Salt Lake City, UT (USA)",1000m(2),m,Heats,2
2,9.37,43.81,3,9.26,43.91,4,9.49,44.05,1,9.14,43.69,2014-2015,"ISU World Cup 2014/15 - Salt Lake City, UT (USA)",1000m(2),m,Heats,2
2,9.16,52.97,3,9.17,53.08,4,9.14,53.19,1,9.19,52.88,2014-2015,"ISU World Cup 2014/15 - Salt Lake City, UT (USA)",1000m(2),m,Heats,2
2,9.10,1:02.07,3,9.05,1:02.13,4,9.06,1:02.25,1,9.10,1:01.98,2014-2015,"ISU World Cup 2014/15 - Salt Lake City, UT (USA)",1000m(2),m,Heats,2
2,9.15,1:11.22,4,9.23,1:11.36,3,9.04,1:11.29,1,9.22,1:11.20,2014-2015,"ISU World Cup 2014/15 - Salt Lake City, UT (USA)",1000m(2),m,Heats,2
1,8.67,1:19.89,3,9.02,1:20.38,2,9.01,1:20.30,4,10.08,1:21.28,2014-2015,"ISU World Cup 2014/15 - Salt Lake City, UT (USA)",1000m(2),m,Heats,2
1,8.86,1:28.741,3,9.01,1:29.384,2,8.81,1:29.109,0,,PEN,2014-2015,"ISU World Cup 2014/15 - Salt Lake City, UT (USA)",1000m(2),m,Heats,2
