START_POS_1 POSITION,START_POS_1 LAP TIME,START_POS_1 ELAPSED TIME,START_POS_2 POSITION,START_POS_2 LAP TIME,START_POS_2 ELAPSED TIME,START_POS_3 POSITION,START_POS_3 LAP TIME,START_POS_3 ELAPSED TIME,START_POS_4 POSITION,START_POS_4 LAP TIME,START_POS_4 ELAPSED TIME,START_POS_5 POSITION,START_POS_5 LAP TIME,START_POS_5 ELAPSED TIME,season,competition,event,gender,round,race
3,14.28,14.28,2,14.25,14.25,4,14.42,14.42,1,14.22,14.22,,,,2014-2015,ISU World Cup 2014/15 - Erzurum (TUR),1000m(2),w,Semifinals,1
2,10.72,25.00,1,10.63,24.88,4,10.90,25.32,3,10.90,25.12,,,,2014-2015,ISU World Cup 2014/15 - Erzurum (TUR),1000m(2),w,Semifinals,1
2,10.12,35.12,1,10.13,35.01,4,9.94,35.26,3,10.09,35.21,,,,2014-2015,ISU World Cup 2014/15 - Erzurum (TUR),1000m(2),w,Semifinals,1
1,9.35,44.47,2,9.67,44.68,4,9.66,44.92,3,9.58,44.79,,,,2014-2015,ISU World Cup 2014/15 - Erzurum (TUR),1000m(2),w,Semifinals,1
1,9.31,53.78,2,9.45,54.13,4,9.39,54.31,3,9.41,54.20,,,,2014-2015,ISU World Cup 2014/15 - Erzurum (TUR),1000m(2),w,Semifinals,1
1,9.32,1:03.10,3,9.75,1:03.88,4,9.72,1:04.03,2,9.64,1:03.84,,,,2014-2015,ISU World Cup 2014/15 - Erzurum (TUR),1000m(2),w,Semifinals,1
1,9.35,1:12.45,3,9.76,1:13.64,4,9.81,1:13.84,2,9.60,1:13.44,,,,2014-2015,ISU World Cup 2014/15 - Erzurum (TUR),1000m(2),w,Semifinals,1
1,9.59,1:22.04,3,9.71,1:23.35,4,9.68,1:23.52,2,9.64,1:23.08,,,,2014-2015,ISU World Cup 2014/15 - Erzurum (TUR),1000m(2),w,Semifinals,1
1,10.01,1:32.049,3,9.95,1:33.294,4,10.05,1:33.563,2,9.93,1:33.005,0,,DNS,2014-2015,ISU World Cup 2014/15 - Erzurum (TUR),1000m(2),w,Semifinals,1
