START_POS_1 POSITION,START_POS_1 LAP TIME,START_POS_1 ELAPSED TIME,START_POS_2 POSITION,START_POS_2 LAP TIME,START_POS_2 ELAPSED TIME,START_POS_3 POSITION,START_POS_3 LAP TIME,START_POS_3 ELAPSED TIME,START_POS_4 POSITION,START_POS_4 LAP TIME,START_POS_4 ELAPSED TIME,START_POS_5 POSITION,START_POS_5 LAP TIME,START_POS_5 ELAPSED TIME,season,competition,event,gender,round,race
3,13.92,13.92,5,14.09,14.09,4,13.97,13.97,2,13.85,13.85,1,13.73,13.73,2014-2015,ISU World Cup 2014/15 - Seoul (KOR),1000m,m,Preliminaries,2
1,9.68,23.60,2,9.59,23.68,5,10.01,23.98,4,9.95,23.80,3,9.97,23.70,2014-2015,ISU World Cup 2014/15 - Seoul (KOR),1000m,m,Preliminaries,2
2,9.52,33.12,1,9.25,32.93,5,9.46,33.44,4,9.55,33.35,3,9.53,33.23,2014-2015,ISU World Cup 2014/15 - Seoul (KOR),1000m,m,Preliminaries,2
2,9.57,42.69,1,9.68,42.61,4,9.42,42.86,5,9.51,42.86,3,9.55,42.78,2014-2015,ISU World Cup 2014/15 - Seoul (KOR),1000m,m,Preliminaries,2
2,9.41,52.10,1,9.41,52.02,5,9.45,52.31,4,9.44,52.30,3,9.44,52.22,2014-2015,ISU World Cup 2014/15 - Seoul (KOR),1000m,m,Preliminaries,2
1,8.97,1:01.07,2,9.19,1:01.21,5,9.39,1:01.70,4,9.19,1:01.49,3,9.08,1:01.30,2014-2015,ISU World Cup 2014/15 - Seoul (KOR),1000m,m,Preliminaries,2
1,9.04,1:10.11,2,9.09,1:10.30,5,9.05,1:10.75,4,9.11,1:10.60,3,9.09,1:10.39,2014-2015,ISU World Cup 2014/15 - Seoul (KOR),1000m,m,Preliminaries,2
1,9.19,1:19.30,2,9.37,1:19.67,5,9.20,1:19.95,3,9.17,1:19.77,4,9.41,1:19.80,2014-2015,ISU World Cup 2014/15 - Seoul (KOR),1000m,m,Preliminaries,2
1,9.62,1:28.918,2,9.59,1:29.259,4,9.48,1:29.425,3,9.53,1:29.300,5,9.78,1:29.571,2014-2015,ISU World Cup 2014/15 - Seoul (KOR),1000m,m,Preliminaries,2
