START_POS_1 POSITION,START_POS_1 LAP TIME,START_POS_1 ELAPSED TIME,START_POS_2 POSITION,START_POS_2 LAP TIME,START_POS_2 ELAPSED TIME,START_POS_3 POSITION,START_POS_3 LAP TIME,START_POS_3 ELAPSED TIME,START_POS_4 POSITION,START_POS_4 LAP TIME,START_POS_4 ELAPSED TIME,season,competition,event,gender,round,race
2,13.89,13.89,1,13.75,13.75,3,14.02,14.02,4,14.20,14.20,2014-2015,ISU World Junior Short Track Speed Skating Championships® 2015,1000m,m,Quarterfinals,3
1,11.22,25.11,2,11.44,25.19,3,11.33,25.35,4,11.30,25.50,2014-2015,ISU World Junior Short Track Speed Skating Championships® 2015,1000m,m,Quarterfinals,3
1,10.79,35.90,2,10.82,36.01,3,10.66,36.01,4,10.62,36.12,2014-2015,ISU World Junior Short Track Speed Skating Championships® 2015,1000m,m,Quarterfinals,3
2,9.27,45.17,4,9.44,45.45,1,9.01,45.02,3,9.22,45.34,2014-2015,ISU World Junior Short Track Speed Skating Championships® 2015,1000m,m,Quarterfinals,3
2,9.08,54.25,4,9.04,54.49,1,9.13,54.15,3,8.99,54.33,2014-2015,ISU World Junior Short Track Speed Skating Championships® 2015,1000m,m,Quarterfinals,3
2,9.17,1:03.42,4,9.12,1:03.61,1,9.17,1:03.32,3,9.16,1:03.49,2014-2015,ISU World Junior Short Track Speed Skating Championships® 2015,1000m,m,Quarterfinals,3
2,9.20,1:12.62,4,9.25,1:12.86,1,9.22,1:12.54,3,9.23,1:12.72,2014-2015,ISU World Junior Short Track Speed Skating Championships® 2015,1000m,m,Quarterfinals,3
2,9.24,1:21.86,4,9.26,1:22.12,1,9.23,1:21.77,3,9.26,1:21.98,2014-2015,ISU World Junior Short Track Speed Skating Championships® 2015,1000m,m,Quarterfinals,3
1,9.16,1:31.020,4,9.25,1:31.368,2,9.44,1:31.202,3,9.26,1:31.234,2014-2015,ISU World Junior Short Track Speed Skating Championships® 2015,1000m,m,Quarterfinals,3
