START_POS_1 POSITION,START_POS_1 LAP TIME,START_POS_1 ELAPSED TIME,START_POS_2 POSITION,START_POS_2 LAP TIME,START_POS_2 ELAPSED TIME,START_POS_3 POSITION,START_POS_3 LAP TIME,START_POS_3 ELAPSED TIME,START_POS_4 POSITION,START_POS_4 LAP TIME,START_POS_4 ELAPSED TIME,season,competition,event,gender,round,race
2,14.56,14.56,3,14.64,14.64,1,14.48,14.48,4,14.84,14.84,2014-2015,ISU World Cup 2014/15 - Montreal (CAN),1000m,w,Semifinals,2
1,10.97,25.53,3,11.13,25.77,2,11.16,25.64,4,11.07,25.91,2014-2015,ISU World Cup 2014/15 - Montreal (CAN),1000m,w,Semifinals,2
1,10.79,36.32,3,10.73,36.50,2,10.71,36.35,4,10.73,36.64,2014-2015,ISU World Cup 2014/15 - Montreal (CAN),1000m,w,Semifinals,2
1,10.12,46.44,3,10.13,46.63,2,10.12,46.47,4,10.11,46.75,2014-2015,ISU World Cup 2014/15 - Montreal (CAN),1000m,w,Semifinals,2
1,9.86,56.30,3,9.87,56.50,2,9.93,56.40,4,9.85,56.60,2014-2015,ISU World Cup 2014/15 - Montreal (CAN),1000m,w,Semifinals,2
1,9.94,1:06.24,3,9.94,1:06.44,2,9.93,1:06.33,4,9.96,1:06.56,2014-2015,ISU World Cup 2014/15 - Montreal (CAN),1000m,w,Semifinals,2
1,9.75,1:15.99,3,9.77,1:16.21,2,9.77,1:16.10,4,9.77,1:16.33,2014-2015,ISU World Cup 2014/15 - Montreal (CAN),1000m,w,Semifinals,2
1,9.62,1:25.61,3,9.64,1:25.85,2,9.61,1:25.71,4,9.64,1:25.97,2014-2015,ISU World Cup 2014/15 - Montreal (CAN),1000m,w,Semifinals,2
1,9.50,1:35.108,4,9.44,1:35.281,2,9.48,1:35.183,3,9.23,1:35.199,2014-2015,ISU World Cup 2014/15 - Montreal (CAN),1000m,w,Semifinals,2
