START_POS_1 POSITION,START_POS_1 LAP TIME,START_POS_1 ELAPSED TIME,START_POS_2 POSITION,START_POS_2 LAP TIME,START_POS_2 ELAPSED TIME,START_POS_3 POSITION,START_POS_3 LAP TIME,START_POS_3 ELAPSED TIME,START_POS_4 POSITION,START_POS_4 LAP TIME,START_POS_4 ELAPSED TIME,START_POS_5 POSITION,START_POS_5 LAP TIME,START_POS_5 ELAPSED TIME,season,competition,event,gender,round,race
2,13.96,13.96,4,14.21,14.21,1,13.83,13.83,3,14.06,14.06,5,14.29,14.29,2014-2015,ISU World Cup 2014/15 - Erzurum (TUR),1000m(2),w,Heats,2
2,10.54,24.50,5,10.67,24.88,1,10.52,24.35,3,10.54,24.60,4,10.41,24.70,2014-2015,ISU World Cup 2014/15 - Erzurum (TUR),1000m(2),w,Heats,2
1,9.92,34.42,5,9.91,34.79,2,10.08,34.43,3,9.97,34.57,4,9.97,34.67,2014-2015,ISU World Cup 2014/15 - Erzurum (TUR),1000m(2),w,Heats,2
1,9.66,44.08,5,9.58,44.37,2,9.74,44.17,3,9.69,44.26,4,9.62,44.29,2014-2015,ISU World Cup 2014/15 - Erzurum (TUR),1000m(2),w,Heats,2
2,9.90,53.98,3,9.71,54.08,1,9.70,53.87,5,11.48,55.74,4,10.94,55.23,2014-2015,ISU World Cup 2014/15 - Erzurum (TUR),1000m(2),w,Heats,2
2,9.69,1:03.67,3,9.72,1:03.80,1,9.71,1:03.58,5,11.06,1:06.80,4,10.55,1:05.78,2014-2015,ISU World Cup 2014/15 - Erzurum (TUR),1000m(2),w,Heats,2
2,9.61,1:13.28,3,9.55,1:13.35,1,9.53,1:13.11,5,11.41,1:18.21,4,10.24,1:16.02,2014-2015,ISU World Cup 2014/15 - Erzurum (TUR),1000m(2),w,Heats,2
3,9.67,1:22.95,2,9.36,1:22.71,1,9.53,1:22.64,5,11.43,1:29.64,4,10.57,1:26.59,2014-2015,ISU World Cup 2014/15 - Erzurum (TUR),1000m(2),w,Heats,2
3,9.83,1:32.779,2,9.59,1:32.300,1,9.60,1:32.235,4,11.72,1:41.352,0,,PEN,2014-2015,ISU World Cup 2014/15 - Erzurum (TUR),1000m(2),w,Heats,2
