START_POS_1 POSITION,START_POS_1 LAP TIME,START_POS_1 ELAPSED TIME,START_POS_2 POSITION,START_POS_2 LAP TIME,START_POS_2 ELAPSED TIME,START_POS_3 POSITION,START_POS_3 LAP TIME,START_POS_3 ELAPSED TIME,START_POS_4 POSITION,START_POS_4 LAP TIME,START_POS_4 ELAPSED TIME,season,competition,event,gender,round,race
1,13.11,13.11,3,13.24,13.24,2,13.22,13.22,4,13.35,13.35,2014-2015,ISU World Cup 2014/15 - Montreal (CAN),1000m,m,Preliminaries,8
2,9.86,22.97,4,10.07,23.31,1,9.69,22.91,3,9.76,23.11,2014-2015,ISU World Cup 2014/15 - Montreal (CAN),1000m,m,Preliminaries,8
1,9.31,32.28,4,9.28,32.59,2,9.38,32.29,3,9.36,32.47,2014-2015,ISU World Cup 2014/15 - Montreal (CAN),1000m,m,Preliminaries,8
1,9.05,41.33,4,9.07,41.66,2,9.16,41.45,3,9.06,41.53,2014-2015,ISU World Cup 2014/15 - Montreal (CAN),1000m,m,Preliminaries,8
1,9.21,50.54,4,9.22,50.88,2,9.21,50.66,3,9.22,50.75,2014-2015,ISU World Cup 2014/15 - Montreal (CAN),1000m,m,Preliminaries,8
1,9.09,59.63,4,9.07,59.95,2,9.03,59.69,3,9.06,59.81,2014-2015,ISU World Cup 2014/15 - Montreal (CAN),1000m,m,Preliminaries,8
1,9.11,1:08.74,4,9.09,1:09.04,2,9.06,1:08.75,3,9.10,1:08.91,2014-2015,ISU World Cup 2014/15 - Montreal (CAN),1000m,m,Preliminaries,8
2,9.10,1:17.84,4,9.23,1:18.27,1,8.79,1:17.54,3,9.17,1:18.08,2014-2015,ISU World Cup 2014/15 - Montreal (CAN),1000m,m,Preliminaries,8
2,9.27,1:27.109,4,9.39,1:27.652,1,9.08,1:26.620,3,9.43,1:27.505,2014-2015,ISU World Cup 2014/15 - Montreal (CAN),1000m,m,Preliminaries,8
