Agne SEREIKAITE POSITION,Agne SEREIKAITE LAP TIME,Agne SEREIKAITE ELAPSED TIME,Patrycja MALISZEWSKA POSITION,Patrycja MALISZEWSKA LAP TIME,Patrycja MALISZEWSKA ELAPSED TIME,Raya ZAHARIEVA POSITION,Raya ZAHARIEVA LAP TIME,Raya ZAHARIEVA ELAPSED TIME,Safiya VLASOVA POSITION,Safiya VLASOVA LAP TIME,Safiya VLASOVA ELAPSED TIME
2,16.32,16.32,1,16.20,16.20,4,16.58,16.58,3,16.47,16.47
2,11.99,28.31,1,12.10,28.30,4,12.04,28.62,3,12.06,28.53
2,11.27,39.58,1,11.25,39.55,4,11.25,39.87,3,11.20,39.73
2,10.40,49.98,1,10.37,49.92,4,10.40,50.27,3,10.42,50.15
1,9.85,59.83,2,10.13,1:00.05,4,10.09,1:00.36,3,10.10,1:00.25
1,9.56,1:09.39,2,9.59,1:09.64,4,9.96,1:10.32,3,9.98,1:10.23
1,9.56,1:18.95,2,9.45,1:19.09,4,10.22,1:20.54,3,10.21,1:20.44
1,9.62,1:28.57,2,9.72,1:28.81,4,10.77,1:31.31,3,10.85,1:31.29
1,9.86,1:38.429,2,10.36,1:39.165,4,11.39,1:42.696,3,11.02,1:42.304
