ITALY POSITION,ITALY LAP TIME,ITALY ELAPSED TIME,CHINA POSITION,CHINA LAP TIME,CHINA ELAPSED TIME,KAZAKHSTAN POSITION,KAZAKHSTAN LAP TIME,KAZAKHSTAN ELAPSED TIME,UNITED STATES POSITION,UNITED STATES LAP TIME,UNITED STATES ELAPSED TIME
2,12.50,12.50,4,12.87,12.87,3,12.70,12.70,1,12.40,12.40
2,9.93,22.43,4,9.82,22.69,3,9.82,22.52,1,9.93,22.33
2,10.10,32.53,4,10.06,32.75,3,10.09,32.61,1,10.06,32.39
2,9.50,42.03,4,9.53,42.28,3,9.57,42.18,1,9.57,41.96
2,9.67,51.70,4,9.89,52.17,3,9.66,51.84,1,9.62,51.58
2,9.35,1:01.05,4,9.08,1:01.25,3,9.30,1:01.14,1,9.35,1:00.93
2,9.35,1:10.40,4,9.52,1:10.77,3,9.37,1:10.51,1,9.37,1:10.30
2,9.34,1:19.74,4,9.14,1:19.91,3,9.28,1:19.79,1,9.34,1:19.64
2,9.61,1:29.35,4,9.62,1:29.53,3,9.62,1:29.41,1,9.60,1:29.24
2,9.61,1:38.96,4,9.55,1:39.08,3,9.63,1:39.04,1,9.60,1:38.84
2,9.50,1:48.46,4,9.59,1:48.67,3,9.54,1:48.58,1,9.57,1:48.41
2,9.34,1:57.80,4,9.34,1:58.01,3,9.32,1:57.90,1,9.30,1:57.71
2,9.14,2:06.94,4,9.25,2:07.26,3,9.15,2:07.05,1,9.16,2:06.87
2,9.19,2:16.13,4,9.10,2:16.36,3,9.13,2:16.18,1,9.13,2:16.00
2,9.38,2:25.51,4,9.32,2:25.68,3,9.39,2:25.57,1,9.42,2:25.42
2,9.53,2:35.04,4,9.48,2:35.16,3,9.54,2:35.11,1,9.54,2:34.96
2,9.38,2:44.42,4,9.42,2:44.58,3,9.44,2:44.55,1,9.39,2:44.35
2,8.99,2:53.41,1,8.78,2:53.36,4,9.30,2:53.85,3,9.31,2:53.66
2,8.97,3:02.38,1,8.47,3:01.83,4,8.89,3:02.74,3,8.83,3:02.49
2,8.87,3:11.25,1,9.24,3:11.07,4,8.89,3:11.63,3,8.82,3:11.31
2,8.62,3:19.87,1,8.77,3:19.84,4,8.52,3:20.15,3,8.69,3:20.00
2,8.91,3:28.78,1,8.84,3:28.68,4,8.94,3:29.09,3,8.97,3:28.97
2,8.81,3:37.59,1,8.83,3:37.51,4,8.85,3:37.94,3,8.84,3:37.81
2,8.90,3:46.49,1,8.90,3:46.41,4,8.88,3:46.82,3,8.77,3:46.58
2,8.95,3:55.44,1,8.93,3:55.34,4,8.90,3:55.72,3,8.94,3:55.52
2,8.93,4:04.37,1,8.89,4:04.23,4,8.91,4:04.63,3,8.92,4:04.44
2,8.77,4:13.14,1,8.87,4:13.10,4,8.70,4:13.33,3,8.79,4:13.23
1,8.94,4:22.08,4,14.75,4:27.85,3,9.12,4:22.45,2,9.04,4:22.27
1,8.85,4:30.93,4,9.36,4:37.21,3,8.80,4:31.25,2,8.96,4:31.23
1,8.58,4:39.51,4,8.71,4:45.92,3,8.96,4:40.21,2,8.66,4:39.89
1,8.76,4:48.27,4,8.68,4:54.60,3,8.90,4:49.11,2,8.84,4:48.73
1,8.75,4:57.02,4,8.86,5:03.46,3,8.71,4:57.82,2,8.68,4:57.41
1,8.72,5:05.74,4,8.98,5:12.44,3,8.53,5:06.35,2,8.49,5:05.90
1,8.92,5:14.66,4,8.92,5:21.36,3,8.96,5:15.31,2,8.93,5:14.83
1,8.87,5:23.53,4,9.04,5:30.40,3,8.94,5:24.25,2,9.21,5:24.04
1,8.76,5:32.29,4,8.96,5:39.36,3,9.18,5:33.43,2,9.30,5:33.34
1,8.93,5:41.22,4,8.89,5:48.25,3,9.22,5:42.65,2,9.19,5:42.53
1,8.99,5:50.21,4,9.06,5:57.31,3,8.98,5:51.63,2,8.96,5:51.49
1,8.79,5:59.00,4,9.09,6:06.40,3,8.82,6:00.45,2,8.65,6:00.14
1,9.00,6:08.00,4,9.01,6:15.41,3,9.03,6:09.48,2,9.05,6:09.19
1,9.05,6:17.05,4,9.22,6:24.63,3,8.98,6:18.46,2,8.66,6:17.85
1,8.95,6:26.00,4,9.05,6:33.68,3,8.92,6:27.38,2,9.25,6:27.10
1,9.11,6:35.11,4,8.97,6:42.65,3,8.91,6:36.29,2,9.10,6:36.20
1,8.91,6:44.02,4,9.43,6:52.08,3,9.02,6:45.31,2,8.90,6:45.10
1,9.08,6:53.097,4,10.03,7:02.108,3,8.78,6:54.082,2,8.84,6:53.939
