MANOILOVA Katrin POSITION,MANOILOVA Katrin LAP TIME,MANOILOVA Katrin ELAPSED TIME,KIKUCHI Yuki POSITION,KIKUCHI Yuki LAP TIME,KIKUCHI Yuki ELAPSED TIME,NOH Do Hee POSITION,NOH Do Hee LAP TIME,NOH Do Hee ELAPSED TIME
1,17.27,17.27,3,17.38,17.38,2,17.34,17.34
2,12.61,29.88,3,12.55,29.93,1,12.39,29.73
2,10.24,40.12,3,10.34,40.27,1,10.28,40.01
2,10.23,50.35,3,10.18,50.45,1,10.24,50.25
2,10.50,1:00.85,3,10.50,1:00.95,1,10.51,1:00.76
3,10.32,1:11.17,2,10.09,1:11.04,1,10.16,1:10.92
2,10.06,1:21.23,1,10.16,1:21.20,3,10.33,1:21.25
1,10.18,1:31.41,2,10.39,1:31.59,3,34.56,1:55.81
1,10.41,1:41.819,2,10.29,1:41.874,0,,notime
