Dan IWASA POSITION,Dan IWASA LAP TIME,Dan IWASA ELAPSED TIME,Csaba BURJAN POSITION,Csaba BURJAN LAP TIME,Csaba BURJAN ELAPSED TIME,VANHOOREN Rino POSITION,VANHOOREN Rino LAP TIME,VANHOOREN Rino ELAPSED TIME,HAMELIN Charles POSITION,HAMELIN Charles LAP TIME,HAMELIN Charles ELAPSED TIME,Paul STANLEY POSITION,Paul STANLEY LAP TIME,Paul STANLEY ELAPSED TIME
2,13.24,13.24,3,13.31,13.31,4,13.50,13.50,1,13.12,13.12,5,13.58,13.58
3,10.20,23.44,2,10.02,23.33,5,10.11,23.61,1,10.17,23.29,4,9.87,23.45
4,9.67,33.11,3,9.69,33.02,5,9.64,33.25,2,9.65,32.94,1,9.37,32.82
4,9.45,42.56,3,9.44,42.46,5,9.45,42.70,2,9.43,42.37,1,9.53,42.35
3,9.11,51.67,2,9.10,51.56,5,9.16,51.86,1,9.14,51.51,3,9.32,51.67
3,9.18,1:00.85,2,9.20,1:00.76,5,9.23,1:01.09,1,9.15,1:00.66,4,9.28,1:00.95
3,9.09,1:09.94,2,9.11,1:09.87,5,9.15,1:10.24,1,9.08,1:09.74,4,9.03,1:09.98
4,9.38,1:19.32,2,9.17,1:19.04,5,9.30,1:19.54,1,8.82,1:18.56,3,9.21,1:19.19
3,9.06,1:28.38,2,9.25,1:28.29,5,9.47,1:29.01,1,9.18,1:27.74,4,9.49,1:28.68
