START_POS_1 POSITION,START_POS_1 LAP TIME,START_POS_1 ELAPSED TIME,START_POS_2 POSITION,START_POS_2 LAP TIME,START_POS_2 ELAPSED TIME,START_POS_3 POSITION,START_POS_3 LAP TIME,START_POS_3 ELAPSED TIME,START_POS_4 POSITION,START_POS_4 LAP TIME,START_POS_4 ELAPSED TIME,START_POS_5 POSITION,START_POS_5 LAP TIME,START_POS_5 ELAPSED TIME,season,competition,event,gender,round,race
3,14.07,14.07,2,13.99,13.99,5,14.44,14.44,1,13.87,13.87,4,14.27,14.27,2015-2016,ISU World Junior Short Track Speed Skating Championships® 2016,1000m,w,Heats,5
2,10.21,24.28,3,10.41,24.40,5,10.18,24.62,1,10.35,24.22,4,10.24,24.51,2015-2016,ISU World Junior Short Track Speed Skating Championships® 2016,1000m,w,Heats,5
2,9.97,34.25,3,9.99,34.39,5,10.03,34.65,1,9.89,34.11,4,10.03,34.54,2015-2016,ISU World Junior Short Track Speed Skating Championships® 2016,1000m,w,Heats,5
3,10.34,44.59,2,10.08,44.47,5,10.21,44.86,1,10.25,44.36,4,10.22,44.76,2015-2016,ISU World Junior Short Track Speed Skating Championships® 2016,1000m,w,Heats,5
3,10.18,54.77,2,10.21,54.68,5,10.08,54.94,1,10.22,54.58,4,10.16,54.92,2015-2016,ISU World Junior Short Track Speed Skating Championships® 2016,1000m,w,Heats,5
3,9.86,1:04.63,2,9.82,1:04.50,4,9.70,1:04.64,1,9.89,1:04.47,5,10.09,1:05.01,2015-2016,ISU World Junior Short Track Speed Skating Championships® 2016,1000m,w,Heats,5
4,9.91,1:14.54,3,9.93,1:14.43,2,9.53,1:14.17,1,9.60,1:14.07,5,10.47,1:15.48,2015-2016,ISU World Junior Short Track Speed Skating Championships® 2016,1000m,w,Heats,5
4,9.88,1:24.42,3,9.91,1:24.34,2,9.79,1:23.96,1,9.73,1:23.80,5,10.97,1:26.45,2015-2016,ISU World Junior Short Track Speed Skating Championships® 2016,1000m,w,Heats,5
4,10.01,1:34.416,3,9.98,1:34.32,2,9.96,1:33.92,1,9.99,1:33.79,5,11.33,1:37.753,2015-2016,ISU World Junior Short Track Speed Skating Championships® 2016,1000m,w,Heats,5
