KAZAKHSTAN POSITION,KAZAKHSTAN LAP TIME,KAZAKHSTAN ELAPSED TIME,GERMANY POSITION,GERMANY LAP TIME,GERMANY ELAPSED TIME,CHINA POSITION,CHINA LAP TIME,CHINA ELAPSED TIME,CANADA POSITION,CANADA LAP TIME,CANADA ELAPSED TIME
3,13.63,13.63,2,13.51,13.51,4,13.78,13.78,1,13.39,13.39
3,10.11,23.74,2,10.09,23.60,4,10.14,23.92,1,10.09,23.48
3,9.70,33.44,2,9.76,33.36,4,9.71,33.63,1,9.72,33.20
3,9.42,42.86,2,9.42,42.78,4,9.43,43.06,1,9.20,42.40
3,9.60,52.46,2,9.48,52.26,4,9.52,52.58,1,9.75,52.15
3,9.41,1:01.87,2,9.52,1:01.78,4,9.43,1:02.01,1,9.50,1:01.65
3,9.66,1:11.53,2,9.66,1:11.44,4,9.61,1:11.62,1,9.68,1:11.33
3,9.57,1:21.10,2,9.55,1:20.99,4,9.63,1:21.25,1,9.54,1:20.87
3,9.43,1:30.53,2,9.50,1:30.49,4,9.50,1:30.75,1,9.48,1:30.35
3,9.38,1:39.91,2,9.25,1:39.74,4,9.29,1:40.04,1,9.30,1:39.65
3,9.34,1:49.25,2,9.36,1:49.10,4,9.23,1:49.27,1,9.36,1:49.01
4,9.41,1:58.66,2,9.40,1:58.50,3,9.25,1:58.52,1,9.31,1:58.32
2,9.13,2:07.79,3,9.38,2:07.88,4,9.37,2:07.89,1,9.36,2:07.68
2,9.27,2:17.06,3,9.35,2:17.23,4,9.49,2:17.38,1,9.31,2:16.99
2,9.29,2:26.35,3,9.26,2:26.49,4,9.27,2:26.65,1,9.24,2:26.23
2,9.20,2:35.55,3,9.07,2:35.56,4,9.20,2:35.85,1,9.27,2:35.50
4,9.40,2:44.95,2,9.27,2:44.83,3,9.05,2:44.90,1,9.13,2:44.63
4,9.10,2:54.05,2,9.02,2:53.85,3,9.04,2:53.94,1,9.16,2:53.79
4,9.15,3:03.20,2,9.12,3:02.97,3,9.20,3:03.14,1,9.16,3:02.95
4,9.32,3:12.52,2,9.24,3:12.21,3,9.23,3:12.37,1,9.13,3:12.08
4,8.93,3:21.45,1,8.82,3:21.03,3,8.93,3:21.30,2,9.09,3:21.17
4,8.78,3:30.23,1,8.85,3:29.88,3,8.87,3:30.17,2,8.78,3:29.95
4,8.85,3:39.08,3,8.96,3:38.84,2,8.59,3:38.76,1,8.75,3:38.70
4,8.96,3:48.04,3,9.17,3:48.01,2,9.00,3:47.76,1,8.93,3:47.63
3,9.04,3:57.08,4,9.21,3:57.22,2,9.20,3:56.96,1,9.26,3:56.89
3,9.14,4:06.22,4,9.13,4:06.35,2,9.12,4:06.08,1,9.14,4:06.03
3,8.91,4:15.13,4,8.92,4:15.27,1,8.78,4:14.86,2,9.01,4:15.04
3,8.80,4:23.93,4,8.90,4:24.17,1,8.89,4:23.75,2,8.73,4:23.77
3,8.91,4:32.84,4,8.80,4:32.97,2,8.95,4:32.70,1,8.86,4:32.63
3,8.88,4:41.72,4,8.89,4:41.86,2,8.74,4:41.44,1,8.72,4:41.35
3,8.68,4:50.40,4,8.79,4:50.65,2,8.53,4:49.97,1,8.45,4:49.80
3,8.86,4:59.26,4,8.86,4:59.51,1,9.07,4:59.04,2,9.29,4:59.09
3,8.65,5:07.91,4,8.67,5:08.18,1,8.70,5:07.74,2,8.74,5:07.83
2,8.89,5:16.80,4,8.84,5:17.02,1,8.94,5:16.68,3,8.99,5:16.82
3,9.31,5:26.11,4,9.25,5:26.27,1,9.18,5:25.86,2,9.13,5:25.95
3,8.93,5:35.04,4,9.21,5:35.48,1,8.74,5:34.60,2,8.77,5:34.72
3,8.70,5:43.74,4,9.05,5:44.53,1,8.74,5:43.34,2,8.87,5:43.59
3,8.65,5:52.39,4,9.00,5:53.53,1,8.66,5:52.00,2,8.72,5:52.31
3,8.59,6:00.98,4,8.75,6:02.28,1,8.82,6:00.82,2,8.56,6:00.87
2,8.81,6:09.79,4,8.50,6:10.78,3,9.08,6:09.90,1,8.83,6:09.70
3,9.12,6:18.91,4,9.41,6:20.19,2,8.84,6:18.74,1,8.84,6:18.54
3,8.89,6:27.80,4,8.94,6:29.13,2,8.71,6:27.45,1,8.62,6:27.16
3,8.83,6:36.63,4,9.11,6:38.24,2,8.85,6:36.30,1,8.79,6:35.95
3,8.55,6:45.18,4,9.06,6:47.30,2,8.56,6:44.86,1,8.79,6:44.74
3,8.53,6:53.71,4,9.17,6:56.47,1,8.51,6:53.37,2,8.74,6:53.48
