START_POS_1 POSITION,START_POS_1 LAP TIME,START_POS_1 ELAPSED TIME,START_POS_2 POSITION,START_POS_2 LAP TIME,START_POS_2 ELAPSED TIME,START_POS_3 POSITION,START_POS_3 LAP TIME,START_POS_3 ELAPSED TIME,START_POS_4 POSITION,START_POS_4 LAP TIME,START_POS_4 ELAPSED TIME,START_POS_5 POSITION,START_POS_5 LAP TIME,START_POS_5 ELAPSED TIME,season,competition,event,gender,round,race
3,14.09,14.09,4,14.10,14.10,2,13.93,13.93,5,14.18,14.18,1,13.82,13.82,2015-2016,ISU World Cup 2015/16 - Montreal (CAN),1000m(2),w,Heats,3
5,10.26,24.35,3,10.03,24.13,4,10.32,24.25,2,9.93,24.11,1,10.23,24.05,2015-2016,ISU World Cup 2015/16 - Montreal (CAN),1000m(2),w,Heats,3
5,9.99,34.34,3,9.99,34.12,4,10.00,34.25,1,9.74,33.85,2,9.95,34.00,2015-2016,ISU World Cup 2015/16 - Montreal (CAN),1000m(2),w,Heats,3
5,9.70,44.04,2,9.56,43.68,4,9.68,43.93,3,9.97,43.82,1,9.57,43.57,2015-2016,ISU World Cup 2015/16 - Montreal (CAN),1000m(2),w,Heats,3
5,10.08,54.12,2,10.16,53.84,4,10.03,53.96,3,10.11,53.93,1,10.12,53.69,2015-2016,ISU World Cup 2015/16 - Montreal (CAN),1000m(2),w,Heats,3
3,9.70,1:03.82,4,9.99,1:03.83,2,9.73,1:03.69,5,10.12,1:04.05,1,9.91,1:03.60,2015-2016,ISU World Cup 2015/16 - Montreal (CAN),1000m(2),w,Heats,3
2,9.49,1:13.31,4,9.77,1:13.60,3,9.65,1:13.34,5,9.77,1:13.82,1,9.63,1:13.23,2015-2016,ISU World Cup 2015/16 - Montreal (CAN),1000m(2),w,Heats,3
2,9.82,1:23.13,4,9.97,1:23.57,3,10.03,1:23.37,5,9.90,1:23.72,1,9.81,1:23.04,2015-2016,ISU World Cup 2015/16 - Montreal (CAN),1000m(2),w,Heats,3
2,9.78,1:32.91,4,10.34,1:33.91,3,9.95,1:33.32,5,10.31,1:34.03,1,9.73,1:32.77,2015-2016,ISU World Cup 2015/16 - Montreal (CAN),1000m(2),w,Heats,3
