START_POS_1 POSITION,START_POS_1 LAP TIME,START_POS_1 ELAPSED TIME,START_POS_2 POSITION,START_POS_2 LAP TIME,START_POS_2 ELAPSED TIME,START_POS_3 POSITION,START_POS_3 LAP TIME,START_POS_3 ELAPSED TIME,START_POS_4 POSITION,START_POS_4 LAP TIME,START_POS_4 ELAPSED TIME,START_POS_5 POSITION,START_POS_5 LAP TIME,START_POS_5 ELAPSED TIME,season,competition,event,gender,round,race
4,13.73,13.73,3,13.72,13.72,1,13.43,,2,13.60,13.60,5,13.91,13.91,2015-2016,ISU World Cup 2015/16 - Dordrecht (NED),1000m(1),w,Quarterfinals,2
4,10.08,23.81,1,9.70,23.42,3,10.21,,2,9.91,23.51,5,10.03,23.94,2015-2016,ISU World Cup 2015/16 - Dordrecht (NED),1000m(1),w,Quarterfinals,2
4,9.79,33.60,1,9.81,33.23,3,9.78,,2,9.80,33.31,5,9.74,33.68,2015-2016,ISU World Cup 2015/16 - Dordrecht (NED),1000m(1),w,Quarterfinals,2
4,9.81,43.41,1,9.81,43.04,3,9.81,,2,9.80,43.11,5,9.81,43.49,2015-2016,ISU World Cup 2015/16 - Dordrecht (NED),1000m(1),w,Quarterfinals,2
4,9.77,53.18,1,9.83,52.87,3,9.82,,2,9.85,52.96,5,9.77,53.26,2015-2016,ISU World Cup 2015/16 - Dordrecht (NED),1000m(1),w,Quarterfinals,2
3,9.75,1:02.93,1,9.85,1:02.72,3,9.88,,2,9.87,1:02.83,5,9.87,1:03.13,2015-2016,ISU World Cup 2015/16 - Dordrecht (NED),1000m(1),w,Quarterfinals,2
1,9.25,1:12.18,2,9.80,1:12.52,5,9.80,,3,9.81,1:12.64,4,9.59,1:12.72,2015-2016,ISU World Cup 2015/16 - Dordrecht (NED),1000m(1),w,Quarterfinals,2
1,9.34,1:21.52,2,9.89,1:22.41,5,25.50,,3,9.92,1:22.56,3,9.84,1:22.56,2015-2016,ISU World Cup 2015/16 - Dordrecht (NED),1000m(1),w,Quarterfinals,2
1,9.77,1:31.29,2,10.15,1:32.56,,,,4,10.25,1:32.789,3,10.10,1:32.648,2015-2016,ISU World Cup 2015/16 - Dordrecht (NED),1000m(1),w,Quarterfinals,2
