START_POS_1 POSITION,START_POS_1 LAP TIME,START_POS_1 ELAPSED TIME,START_POS_2 POSITION,START_POS_2 LAP TIME,START_POS_2 ELAPSED TIME,START_POS_3 POSITION,START_POS_3 LAP TIME,START_POS_3 ELAPSED TIME,START_POS_4 POSITION,START_POS_4 LAP TIME,START_POS_4 ELAPSED TIME,season,competition,event,gender,round,race
4,14.78,14.78,3,14.63,14.63,1,14.39,14.39,2,14.49,14.49,2015-2016,ISU World Cup 2015/16 - Nagoya (JPN),1000m,w,Rep.Heats,2
4,11.57,26.35,2,11.59,26.22,3,11.84,26.23,1,11.65,26.14,2015-2016,ISU World Cup 2015/16 - Nagoya (JPN),1000m,w,Rep.Heats,2
2,10.25,36.60,1,10.32,36.54,4,10.54,36.77,3,10.47,36.61,2015-2016,ISU World Cup 2015/16 - Nagoya (JPN),1000m,w,Rep.Heats,2
1,9.92,46.52,2,10.12,46.66,4,10.10,46.87,3,10.15,46.76,2015-2016,ISU World Cup 2015/16 - Nagoya (JPN),1000m,w,Rep.Heats,2
1,10.13,56.65,2,10.13,56.79,4,10.11,56.98,3,10.11,56.87,2015-2016,ISU World Cup 2015/16 - Nagoya (JPN),1000m,w,Rep.Heats,2
1,9.98,1:06.63,2,9.96,1:06.75,4,9.97,1:06.95,3,9.96,1:06.83,2015-2016,ISU World Cup 2015/16 - Nagoya (JPN),1000m,w,Rep.Heats,2
1,9.89,1:16.52,2,9.87,1:16.62,4,9.84,1:16.79,3,9.87,1:16.70,2015-2016,ISU World Cup 2015/16 - Nagoya (JPN),1000m,w,Rep.Heats,2
2,10.01,1:26.53,3,10.04,1:26.66,4,9.97,1:26.76,1,9.79,1:26.49,2015-2016,ISU World Cup 2015/16 - Nagoya (JPN),1000m,w,Rep.Heats,2
2,10.05,1:36.58,3,10.08,1:36.74,4,10.01,1:36.753,1,9.95,1:36.44,2015-2016,ISU World Cup 2015/16 - Nagoya (JPN),1000m,w,Rep.Heats,2
