START_POS_1 POSITION,START_POS_1 LAP TIME,START_POS_1 ELAPSED TIME,START_POS_2 POSITION,START_POS_2 LAP TIME,START_POS_2 ELAPSED TIME,START_POS_3 POSITION,START_POS_3 LAP TIME,START_POS_3 ELAPSED TIME,START_POS_4 POSITION,START_POS_4 LAP TIME,START_POS_4 ELAPSED TIME,START_POS_5 POSITION,START_POS_5 LAP TIME,START_POS_5 ELAPSED TIME,season,competition,event,gender,round,race
2,12.75,12.75,4,12.88,12.88,3,12.76,12.76,1,12.63,12.63,5,13.22,,2015-2016,ISU World Cup 2015/16 - Montreal (CAN),1000m(1),m,Rep.Heats,2
1,9.38,22.13,4,9.61,22.49,3,9.62,22.38,2,9.65,22.28,5,9.36,,2015-2016,ISU World Cup 2015/16 - Montreal (CAN),1000m(1),m,Rep.Heats,2
2,9.55,31.68,5,9.52,32.01,4,9.50,31.88,1,9.29,31.57,3,9.26,,2015-2016,ISU World Cup 2015/16 - Montreal (CAN),1000m(1),m,Rep.Heats,2
2,9.38,41.06,4,9.31,41.32,3,9.36,41.24,1,9.46,41.03,5,28.33,,2015-2016,ISU World Cup 2015/16 - Montreal (CAN),1000m(1),m,Rep.Heats,2
2,9.25,50.31,4,9.27,50.59,3,9.24,50.48,1,9.25,50.28,,,,2015-2016,ISU World Cup 2015/16 - Montreal (CAN),1000m(1),m,Rep.Heats,2
3,9.31,59.62,4,9.05,59.64,2,8.96,59.44,1,9.14,59.42,,,,2015-2016,ISU World Cup 2015/16 - Montreal (CAN),1000m(1),m,Rep.Heats,2
4,9.37,1:08.99,3,9.07,1:08.71,2,9.11,1:08.55,1,8.94,1:08.36,,,,2015-2016,ISU World Cup 2015/16 - Montreal (CAN),1000m(1),m,Rep.Heats,2
4,9.39,1:18.38,3,9.26,1:17.97,2,8.96,1:17.51,1,9.04,1:17.40,,,,2015-2016,ISU World Cup 2015/16 - Montreal (CAN),1000m(1),m,Rep.Heats,2
4,9.77,1:28.150,3,9.53,1:27.50,2,9.34,1:26.85,1,9.15,1:26.55,,,,2015-2016,ISU World Cup 2015/16 - Montreal (CAN),1000m(1),m,Rep.Heats,2
