START_POS_1 POSITION,START_POS_1 LAP TIME,START_POS_1 ELAPSED TIME,START_POS_2 POSITION,START_POS_2 LAP TIME,START_POS_2 ELAPSED TIME,START_POS_3 POSITION,START_POS_3 LAP TIME,START_POS_3 ELAPSED TIME,START_POS_4 POSITION,START_POS_4 LAP TIME,START_POS_4 ELAPSED TIME,START_POS_5 POSITION,START_POS_5 LAP TIME,START_POS_5 ELAPSED TIME,season,competition,event,gender,round,race
2,13.47,13.47,4,13.64,13.64,1,13.43,13.43,3,13.62,13.62,5,13.72,13.72,2016-2017,ISU World Cup 2016/17 - Gangneung (KOR),1000m(2),w,Rep.Semifinals,2
2,10.18,23.65,4,10.20,23.84,1,10.12,23.55,3,10.10,23.72,5,10.26,23.98,2016-2017,ISU World Cup 2016/17 - Gangneung (KOR),1000m(2),w,Rep.Semifinals,2
2,9.92,33.57,4,10.00,33.84,3,10.05,33.60,1,9.81,33.53,5,9.97,33.95,2016-2017,ISU World Cup 2016/17 - Gangneung (KOR),1000m(2),w,Rep.Semifinals,2
1,9.58,43.15,4,9.63,43.47,2,9.65,43.25,3,9.74,43.27,5,9.65,43.60,2016-2017,ISU World Cup 2016/17 - Gangneung (KOR),1000m(2),w,Rep.Semifinals,2
1,9.76,52.91,4,9.71,53.18,2,9.74,52.99,3,9.81,53.08,5,9.70,53.30,2016-2017,ISU World Cup 2016/17 - Gangneung (KOR),1000m(2),w,Rep.Semifinals,2
1,9.90,1:02.81,4,9.92,1:03.10,2,9.91,1:02.90,3,9.92,1:03.00,5,9.87,1:03.17,2016-2017,ISU World Cup 2016/17 - Gangneung (KOR),1000m(2),w,Rep.Semifinals,2
1,9.92,1:12.73,4,9.82,1:12.92,2,9.91,1:12.81,3,9.90,1:12.90,5,9.81,1:12.98,2016-2017,ISU World Cup 2016/17 - Gangneung (KOR),1000m(2),w,Rep.Semifinals,2
3,9.98,1:22.71,1,9.67,1:22.59,1,9.78,1:22.59,4,9.91,1:22.81,5,9.84,1:22.82,2016-2017,ISU World Cup 2016/17 - Gangneung (KOR),1000m(2),w,Rep.Semifinals,2
4,10.15,1:32.848,1,9.76,1:32.35,2,9.96,1:32.537,5,10.20,1:32.994,3,9.92,1:32.724,2016-2017,ISU World Cup 2016/17 - Gangneung (KOR),1000m(2),w,Rep.Semifinals,2
