START_POS_1 POSITION,START_POS_1 LAP TIME,START_POS_1 ELAPSED TIME,START_POS_2 POSITION,START_POS_2 LAP TIME,START_POS_2 ELAPSED TIME,START_POS_3 POSITION,START_POS_3 LAP TIME,START_POS_3 ELAPSED TIME,START_POS_4 POSITION,START_POS_4 LAP TIME,START_POS_4 ELAPSED TIME,START_POS_5 POSITION,START_POS_5 LAP TIME,START_POS_5 ELAPSED TIME,season,competition,event,gender,round,race
1,12.72,12.72,2,12.81,12.81,4,13.26,,5,13.40,13.40,3,12.93,12.93,2016-2017,"ISU World Cup 2016/17 - Salt Lake City, UT (USA)",1000m,w,Quarterfinals,4
2,9.71,22.43,1,9.52,22.33,4,9.40,,5,9.46,22.86,3,9.62,22.55,2016-2017,"ISU World Cup 2016/17 - Salt Lake City, UT (USA)",1000m,w,Quarterfinals,4
2,9.49,31.92,1,9.51,31.84,5,20.94,,4,9.39,32.25,3,9.52,32.07,2016-2017,"ISU World Cup 2016/17 - Salt Lake City, UT (USA)",1000m,w,Quarterfinals,4
2,9.41,41.33,1,9.41,41.25,5,12.14,,4,9.41,41.66,3,9.38,41.45,2016-2017,"ISU World Cup 2016/17 - Salt Lake City, UT (USA)",1000m,w,Quarterfinals,4
2,9.14,50.47,1,9.13,50.38,5,11.52,,4,9.33,50.99,3,9.16,50.61,2016-2017,"ISU World Cup 2016/17 - Salt Lake City, UT (USA)",1000m,w,Quarterfinals,4
2,9.18,59.65,1,9.18,59.56,5,13.24,,4,9.39,1:00.38,3,9.16,59.77,2016-2017,"ISU World Cup 2016/17 - Salt Lake City, UT (USA)",1000m,w,Quarterfinals,4
2,9.26,1:08.91,1,9.29,1:08.85,5,11.91,,4,9.73,1:10.11,3,9.23,1:09.00,2016-2017,"ISU World Cup 2016/17 - Salt Lake City, UT (USA)",1000m,w,Quarterfinals,4
2,9.41,1:18.32,3,9.68,1:18.53,5,17.46,,4,10.01,1:20.12,1,9.31,1:18.31,2016-2017,"ISU World Cup 2016/17 - Salt Lake City, UT (USA)",1000m,w,Quarterfinals,4
2,9.46,1:27.78,3,10.19,1:28.72,,,,4,10.14,1:30.247,1,9.19,1:27.50,2016-2017,"ISU World Cup 2016/17 - Salt Lake City, UT (USA)",1000m,w,Quarterfinals,4
