START_POS_1 POSITION,START_POS_1 LAP TIME,START_POS_1 ELAPSED TIME,START_POS_2 POSITION,START_POS_2 LAP TIME,START_POS_2 ELAPSED TIME,START_POS_3 POSITION,START_POS_3 LAP TIME,START_POS_3 ELAPSED TIME,START_POS_4 POSITION,START_POS_4 LAP TIME,START_POS_4 ELAPSED TIME,START_POS_5 POSITION,START_POS_5 LAP TIME,START_POS_5 ELAPSED TIME,season,competition,event,gender,round,race
1,13.74,13.74,3,13.92,13.92,4,14.03,,2,13.83,13.83,5,14.14,14.14,2016-2017,ISU European Short Track Speed Skating Championships 2017,1000m,w,Semifinals,2
1,10.58,24.32,2,10.49,24.41,4,10.56,,3,10.60,24.43,5,10.59,24.73,2016-2017,ISU European Short Track Speed Skating Championships 2017,1000m,w,Semifinals,2
1,9.51,33.83,2,9.53,33.94,3,9.49,,4,9.79,34.22,5,9.59,34.32,2016-2017,ISU European Short Track Speed Skating Championships 2017,1000m,w,Semifinals,2
1,10.15,43.98,2,10.13,44.07,3,10.15,,4,10.08,44.30,5,10.06,44.38,2016-2017,ISU European Short Track Speed Skating Championships 2017,1000m,w,Semifinals,2
1,9.99,53.97,2,10.00,54.07,3,9.98,,4,10.05,54.35,5,10.10,54.48,2016-2017,ISU European Short Track Speed Skating Championships 2017,1000m,w,Semifinals,2
1,9.52,1:03.49,2,9.57,1:03.64,3,9.55,,4,9.50,1:03.85,5,9.52,1:04.00,2016-2017,ISU European Short Track Speed Skating Championships 2017,1000m,w,Semifinals,2
1,9.48,1:12.97,2,9.47,1:13.11,3,9.39,,4,9.43,1:13.28,5,9.59,1:13.59,2016-2017,ISU European Short Track Speed Skating Championships 2017,1000m,w,Semifinals,2
1,9.54,1:22.51,4,9.84,1:22.95,2,9.50,,3,9.52,1:22.80,5,9.75,1:23.34,2016-2017,ISU European Short Track Speed Skating Championships 2017,1000m,w,Semifinals,2
1,9.80,1:32.31,4,10.04,1:32.99,,,,0,,PHOTO,5,10.00,1:33.34,2016-2017,ISU European Short Track Speed Skating Championships 2017,1000m,w,Semifinals,2
