START_POS_1 POSITION,START_POS_1 LAP TIME,START_POS_1 ELAPSED TIME,START_POS_2 POSITION,START_POS_2 LAP TIME,START_POS_2 ELAPSED TIME,START_POS_3 POSITION,START_POS_3 LAP TIME,START_POS_3 ELAPSED TIME,START_POS_4 POSITION,START_POS_4 LAP TIME,START_POS_4 ELAPSED TIME,START_POS_5 POSITION,START_POS_5 LAP TIME,START_POS_5 ELAPSED TIME,season,competition,event,gender,round,race
2,13.08,13.08,1,12.87,12.87,4,13.33,13.33,3,13.19,13.19,5,13.48,,2016-2017,ISU World Cup 2016/17 - Shanghai (CHN),1000m,m,Rep.Heats,5
2,9.99,23.07,1,10.09,22.96,5,10.05,23.38,4,10.01,23.20,3,9.67,,2016-2017,ISU World Cup 2016/17 - Shanghai (CHN),1000m,m,Rep.Heats,5
4,9.92,32.99,1,9.59,32.55,5,9.72,33.10,3,9.65,32.85,2,9.59,,2016-2017,ISU World Cup 2016/17 - Shanghai (CHN),1000m,m,Rep.Heats,5
4,9.58,42.57,1,9.63,42.18,5,9.56,42.66,3,9.58,42.43,2,9.55,,2016-2017,ISU World Cup 2016/17 - Shanghai (CHN),1000m,m,Rep.Heats,5
4,9.62,52.19,1,9.56,51.74,5,9.62,52.28,3,9.61,52.04,2,9.60,,2016-2017,ISU World Cup 2016/17 - Shanghai (CHN),1000m,m,Rep.Heats,5
3,9.27,1:01.46,1,9.27,1:01.01,4,9.28,1:01.56,5,15.07,1:07.11,2,9.23,,2016-2017,ISU World Cup 2016/17 - Shanghai (CHN),1000m,m,Rep.Heats,5
3,9.11,1:10.57,1,9.34,1:10.35,4,9.11,1:10.67,5,18.26,1:25.37,2,9.28,,2016-2017,ISU World Cup 2016/17 - Shanghai (CHN),1000m,m,Rep.Heats,5
1,9.13,1:19.70,4,9.89,1:20.24,2,9.39,1:20.06,5,12.09,1:37.46,2,9.66,,2016-2017,ISU World Cup 2016/17 - Shanghai (CHN),1000m,m,Rep.Heats,5
1,9.23,1:28.93,3,17.87,1:38.11,2,10.23,1:30.29,4,13.72,1:51.128,,,,2016-2017,ISU World Cup 2016/17 - Shanghai (CHN),1000m,m,Rep.Heats,5
