START_POS_1 POSITION,START_POS_1 LAP TIME,START_POS_1 ELAPSED TIME,START_POS_2 POSITION,START_POS_2 LAP TIME,START_POS_2 ELAPSED TIME,START_POS_3 POSITION,START_POS_3 LAP TIME,START_POS_3 ELAPSED TIME,START_POS_4 POSITION,START_POS_4 LAP TIME,START_POS_4 ELAPSED TIME,START_POS_5 POSITION,START_POS_5 LAP TIME,START_POS_5 ELAPSED TIME,season,competition,event,gender,round,race
2,13.03,13.03,1,12.88,12.88,3,13.35,13.35,4,13.99,13.99,5,14.09,14.09,2016-2017,ISU World Cup 2016/17 - Shanghai (CHN),1000m,w,Rep.Heats,4
2,9.89,22.92,1,9.91,22.79,3,9.80,23.15,4,9.87,23.86,5,9.89,23.98,2016-2017,ISU World Cup 2016/17 - Shanghai (CHN),1000m,w,Rep.Heats,4
2,9.73,32.65,1,9.71,32.50,3,9.71,32.86,4,9.78,33.64,5,9.75,33.73,2016-2017,ISU World Cup 2016/17 - Shanghai (CHN),1000m,w,Rep.Heats,4
2,9.72,42.37,1,9.75,42.25,3,9.77,42.63,4,10.02,43.66,5,10.02,43.75,2016-2017,ISU World Cup 2016/17 - Shanghai (CHN),1000m,w,Rep.Heats,4
2,9.81,52.18,1,9.82,52.07,3,9.75,52.38,5,10.36,54.02,4,10.11,53.86,2016-2017,ISU World Cup 2016/17 - Shanghai (CHN),1000m,w,Rep.Heats,4
2,9.93,1:02.11,1,9.93,1:02.00,3,9.96,1:02.34,5,10.65,1:04.67,4,10.43,1:04.29,2016-2017,ISU World Cup 2016/17 - Shanghai (CHN),1000m,w,Rep.Heats,4
2,10.14,1:12.25,1,10.12,1:12.12,3,10.20,1:12.54,5,10.89,1:15.56,4,10.71,1:15.00,2016-2017,ISU World Cup 2016/17 - Shanghai (CHN),1000m,w,Rep.Heats,4
2,10.39,1:22.64,1,10.48,1:22.60,3,10.42,1:22.96,5,11.05,1:26.61,4,11.09,1:26.09,2016-2017,ISU World Cup 2016/17 - Shanghai (CHN),1000m,w,Rep.Heats,4
1,10.42,1:33.06,2,10.81,1:33.41,3,10.75,1:33.71,5,11.37,1:37.958,4,11.35,1:37.414,2016-2017,ISU World Cup 2016/17 - Shanghai (CHN),1000m,w,Rep.Heats,4
