START_POS_1 POSITION,START_POS_1 LAP TIME,START_POS_1 ELAPSED TIME,START_POS_2 POSITION,START_POS_2 LAP TIME,START_POS_2 ELAPSED TIME,START_POS_3 POSITION,START_POS_3 LAP TIME,START_POS_3 ELAPSED TIME,START_POS_4 POSITION,START_POS_4 LAP TIME,START_POS_4 ELAPSED TIME,START_POS_5 POSITION,START_POS_5 LAP TIME,START_POS_5 ELAPSED TIME,START_POS_6 POSITION,START_POS_6 LAP TIME,START_POS_6 ELAPSED TIME,season,competition,event,gender,round,race
2,13.90,13.90,1,13.81,13.81,3,13.98,,5,14.09,14.09,4,14.05,14.05,6,14.23,14.23,2016-2017,ISU World Cup 2016/17 - Gangneung (KOR),1000m(1),w,Rep.Heats,3
2,10.67,24.57,1,10.66,24.47,3,10.70,,6,10.83,24.92,4,10.69,24.74,5,10.62,24.85,2016-2017,ISU World Cup 2016/17 - Gangneung (KOR),1000m(1),w,Rep.Heats,3
3,10.37,34.94,2,10.37,34.84,1,10.04,,6,10.31,35.23,4,10.32,35.06,5,10.36,35.21,2016-2017,ISU World Cup 2016/17 - Gangneung (KOR),1000m(1),w,Rep.Heats,3
2,9.69,44.63,1,9.68,44.52,3,10.10,,5,9.88,45.11,4,9.86,44.92,6,10.09,45.30,2016-2017,ISU World Cup 2016/17 - Gangneung (KOR),1000m(1),w,Rep.Heats,3
2,9.53,54.16,1,9.54,54.06,3,9.50,,5,9.65,54.76,4,9.53,54.45,6,9.62,54.92,2016-2017,ISU World Cup 2016/17 - Gangneung (KOR),1000m(1),w,Rep.Heats,3
2,9.74,1:03.90,1,9.70,1:03.76,3,9.62,,5,9.88,1:04.64,4,9.57,1:04.02,6,9.83,1:04.75,2016-2017,ISU World Cup 2016/17 - Gangneung (KOR),1000m(1),w,Rep.Heats,3
3,9.99,1:13.89,1,9.70,1:13.46,2,9.57,,6,10.46,1:15.10,4,10.07,1:14.09,5,10.11,1:14.86,2016-2017,ISU World Cup 2016/17 - Gangneung (KOR),1000m(1),w,Rep.Heats,3
3,9.87,1:23.76,1,9.93,1:23.39,2,10.04,,6,10.84,1:25.94,4,10.12,1:24.21,5,10.24,1:25.10,2016-2017,ISU World Cup 2016/17 - Gangneung (KOR),1000m(1),w,Rep.Heats,3
3,10.02,1:33.78,1,10.24,1:33.63,2,10.13,,5,11.31,1:37.226,3,10.63,1:34.811,4,10.49,1:35.573,2016-2017,ISU World Cup 2016/17 - Gangneung (KOR),1000m(1),w,Rep.Heats,3
