START_POS_1 POSITION,START_POS_1 LAP TIME,START_POS_1 ELAPSED TIME,START_POS_2 POSITION,START_POS_2 LAP TIME,START_POS_2 ELAPSED TIME,START_POS_3 POSITION,START_POS_3 LAP TIME,START_POS_3 ELAPSED TIME,START_POS_4 POSITION,START_POS_4 LAP TIME,START_POS_4 ELAPSED TIME,season,competition,event,gender,round,race
3,13.01,13.01,4,13.12,13.12,2,12.64,12.64,1,12.49,12.49,2016-2017,ISU World Short Track Championships 2017,1000m,m,Preliminaries,2
3,9.21,22.22,4,9.20,22.32,2,9.42,22.06,1,9.40,21.89,2016-2017,ISU World Short Track Championships 2017,1000m,m,Preliminaries,2
3,9.16,31.38,4,9.27,31.59,2,9.21,31.27,1,9.22,31.11,2016-2017,ISU World Short Track Championships 2017,1000m,m,Preliminaries,2
3,9.32,40.70,4,9.23,40.82,2,9.32,40.59,1,9.37,40.48,2016-2017,ISU World Short Track Championships 2017,1000m,m,Preliminaries,2
3,9.49,50.19,4,9.52,50.34,1,9.45,50.04,2,9.60,50.08,2016-2017,ISU World Short Track Championships 2017,1000m,m,Preliminaries,2
2,9.37,59.56,4,9.66,1:00.00,1,9.40,59.44,3,9.70,59.78,2016-2017,ISU World Short Track Championships 2017,1000m,m,Preliminaries,2
2,9.47,1:09.03,4,9.67,1:09.67,1,9.50,1:08.94,3,9.79,1:09.57,2016-2017,ISU World Short Track Championships 2017,1000m,m,Preliminaries,2
1,9.11,1:18.14,4,9.94,1:19.61,2,9.41,1:18.35,3,9.94,1:19.51,2016-2017,ISU World Short Track Championships 2017,1000m,m,Preliminaries,2
1,9.31,1:27.45,4,10.39,1:30.00,2,9.28,1:27.63,3,10.42,1:29.93,2016-2017,ISU World Short Track Championships 2017,1000m,m,Preliminaries,2
