START_POS_1 POSITION,START_POS_1 LAP TIME,START_POS_1 ELAPSED TIME,START_POS_2 POSITION,START_POS_2 LAP TIME,START_POS_2 ELAPSED TIME,START_POS_3 POSITION,START_POS_3 LAP TIME,START_POS_3 ELAPSED TIME,START_POS_4 POSITION,START_POS_4 LAP TIME,START_POS_4 ELAPSED TIME,season,competition,event,gender,round,race
1,13.76,13.76,,,,3,14.08,,2,13.87,13.87,2016-2017,ISU World Cup 2016/17 - Gangneung (KOR),1000m(1),w,Heats,4
2,10.60,24.36,,,,1,10.11,,3,10.58,24.45,2016-2017,ISU World Cup 2016/17 - Gangneung (KOR),1000m(1),w,Heats,4
4,10.55,34.91,1,,,1,10.58,,3,10.38,34.83,2016-2017,ISU World Cup 2016/17 - Gangneung (KOR),1000m(1),w,Heats,4
4,10.18,45.09,3,10.26,,1,10.11,,2,10.17,45.00,2016-2017,ISU World Cup 2016/17 - Gangneung (KOR),1000m(1),w,Heats,4
2,9.99,55.08,,,,3,10.65,,1,9.99,54.99,2016-2017,ISU World Cup 2016/17 - Gangneung (KOR),1000m(1),w,Heats,4
2,9.81,1:04.89,,,,3,9.61,,1,9.81,1:04.80,2016-2017,ISU World Cup 2016/17 - Gangneung (KOR),1000m(1),w,Heats,4
1,9.65,1:14.54,4,,,3,9.64,,2,9.90,1:14.70,2016-2017,ISU World Cup 2016/17 - Gangneung (KOR),1000m(1),w,Heats,4
1,9.79,1:24.33,4,15.36,1:48.83,3,9.89,,2,9.78,1:24.48,2016-2017,ISU World Cup 2016/17 - Gangneung (KOR),1000m(1),w,Heats,4
1,10.12,1:34.45,,,,3,9.96,,2,10.05,1:34.53,2016-2017,ISU World Cup 2016/17 - Gangneung (KOR),1000m(1),w,Heats,4
