START_POS_1 POSITION,START_POS_1 LAP TIME,START_POS_1 ELAPSED TIME,START_POS_2 POSITION,START_POS_2 LAP TIME,START_POS_2 ELAPSED TIME,START_POS_3 POSITION,START_POS_3 LAP TIME,START_POS_3 ELAPSED TIME,START_POS_4 POSITION,START_POS_4 LAP TIME,START_POS_4 ELAPSED TIME,season,competition,event,gender,round,race
2,11.64,11.64,3,11.94,11.94,1,11.46,11.46,4,12.20,12.20,2016-2017,"ISU World Cup 2016/17 - Salt Lake City, UT (USA)",1000m,m,Rep.Quarterfinals,2
2,8.38,20.02,3,8.38,20.32,1,8.46,19.92,4,8.55,20.75,2016-2017,"ISU World Cup 2016/17 - Salt Lake City, UT (USA)",1000m,m,Rep.Quarterfinals,2
1,8.33,28.35,3,8.42,28.74,2,8.44,28.36,4,8.44,29.19,2016-2017,"ISU World Cup 2016/17 - Salt Lake City, UT (USA)",1000m,m,Rep.Quarterfinals,2
1,8.46,36.81,3,8.59,37.33,2,8.78,37.14,4,8.61,37.80,2016-2017,"ISU World Cup 2016/17 - Salt Lake City, UT (USA)",1000m,m,Rep.Quarterfinals,2
1,8.50,45.31,2,8.94,46.27,3,9.26,46.40,4,8.76,46.56,2016-2017,"ISU World Cup 2016/17 - Salt Lake City, UT (USA)",1000m,m,Rep.Quarterfinals,2
1,8.62,53.93,3,9.52,55.79,4,10.42,56.82,2,9.22,55.78,2016-2017,"ISU World Cup 2016/17 - Salt Lake City, UT (USA)",1000m,m,Rep.Quarterfinals,2
1,8.78,1:02.71,3,9.88,1:05.67,4,12.60,1:09.42,2,9.39,1:05.17,2016-2017,"ISU World Cup 2016/17 - Salt Lake City, UT (USA)",1000m,m,Rep.Quarterfinals,2
1,8.98,1:11.69,3,10.43,1:16.10,4,15.21,1:24.63,2,10.01,1:15.18,2016-2017,"ISU World Cup 2016/17 - Salt Lake City, UT (USA)",1000m,m,Rep.Quarterfinals,2
1,9.18,1:20.87,3,11.10,1:27.195,4,15.60,1:40.220,2,10.88,1:26.06,2016-2017,"ISU World Cup 2016/17 - Salt Lake City, UT (USA)",1000m,m,Rep.Quarterfinals,2
