Jacob JANSSON POSITION,Jacob JANSSON LAP TIME,Jacob JANSSON ELAPSED TIME,Yauheni RYZHOU POSITION,Yauheni RYZHOU LAP TIME,Yauheni RYZHOU ELAPSED TIME,Shaoang LIU POSITION,Shaoang LIU LAP TIME,Shaoang LIU ELAPSED TIME,Bartosz BIELECKI POSITION,Bartosz BIELECKI LAP TIME,Bartosz BIELECKI ELAPSED TIME
2,16.42,16.42,4,16.67,,1,16.31,16.31,3,16.55,16.55
3,13.11,29.53,2,12.77,,1,13.10,29.41,4,13.12,29.67
3,10.93,40.46,1,10.78,,2,10.97,40.38,4,10.86,40.53
3,10.19,50.65,2,10.36,,1,10.05,50.43,4,10.20,50.73
2,9.56,1:00.21,3,9.77,,1,9.66,1:00.09,4,9.66,1:00.39
2,9.19,1:09.40,3,9.23,,1,9.15,1:09.24,4,9.32,1:09.71
2,9.13,1:18.53,3,9.00,,1,9.03,1:18.27,4,9.06,1:18.77
4,9.88,1:28.41,2,9.51,,1,8.86,1:27.13,3,9.43,1:28.20
4,9.68,1:38.09,2,9.49,,1,9.06,1:36.19,3,9.62,1:37.82
