START_POS_1 POSITION,START_POS_1 LAP TIME,START_POS_1 ELAPSED TIME,START_POS_2 POSITION,START_POS_2 LAP TIME,START_POS_2 ELAPSED TIME,START_POS_3 POSITION,START_POS_3 LAP TIME,START_POS_3 ELAPSED TIME,START_POS_4 POSITION,START_POS_4 LAP TIME,START_POS_4 ELAPSED TIME,START_POS_5 POSITION,START_POS_5 LAP TIME,START_POS_5 ELAPSED TIME,season,competition,event,gender,round,race
3,13.84,13.84,2,13.73,13.73,4,13.93,13.93,5,13.99,13.99,1,13.64,13.64,2016-2017,ISU World Cup 2016/17 - Calgary (CAN),1000m,w,Heats,6
3,10.28,24.12,2,10.27,24.00,5,10.29,24.22,4,10.15,24.14,1,10.26,23.90,2016-2017,ISU World Cup 2016/17 - Calgary (CAN),1000m,w,Heats,6
3,9.57,33.69,2,9.60,33.60,4,9.57,33.79,5,9.81,33.95,1,9.63,33.53,2016-2017,ISU World Cup 2016/17 - Calgary (CAN),1000m,w,Heats,6
3,9.62,43.31,2,9.59,43.19,4,9.62,43.41,5,9.59,43.54,1,9.65,43.18,2016-2017,ISU World Cup 2016/17 - Calgary (CAN),1000m,w,Heats,6
3,9.61,52.92,1,9.56,52.75,4,9.58,52.99,5,9.60,53.14,2,9.64,52.82,2016-2017,ISU World Cup 2016/17 - Calgary (CAN),1000m,w,Heats,6
3,9.60,1:02.52,2,9.67,1:02.42,4,9.57,1:02.56,5,9.56,1:02.70,1,9.42,1:02.24,2016-2017,ISU World Cup 2016/17 - Calgary (CAN),1000m,w,Heats,6
3,9.52,1:12.04,5,9.98,1:12.40,2,9.12,1:11.68,4,9.43,1:12.13,1,9.38,1:11.62,2016-2017,ISU World Cup 2016/17 - Calgary (CAN),1000m,w,Heats,6
3,9.57,1:21.61,5,10.12,1:22.52,2,9.46,1:21.14,4,9.63,1:21.76,1,9.44,1:21.06,2016-2017,ISU World Cup 2016/17 - Calgary (CAN),1000m,w,Heats,6
3,9.63,1:31.24,5,10.42,1:32.94,2,9.71,1:30.85,4,9.83,1:31.59,1,9.67,1:30.73,2016-2017,ISU World Cup 2016/17 - Calgary (CAN),1000m,w,Heats,6
