PIERRON Veronique POSITION,PIERRON Veronique LAP TIME,PIERRON Veronique ELAPSED TIME,Katerina NOVOTNA POSITION,Katerina NOVOTNA LAP TIME,Katerina NOVOTNA ELAPSED TIME,GUO Yihan POSITION,GUO Yihan LAP TIME,GUO Yihan ELAPSED TIME,DESMET Hanne POSITION,DESMET Hanne LAP TIME,DESMET Hanne ELAPSED TIME,Magdalena WARAKOMSKA POSITION,Magdalena WARAKOMSKA LAP TIME,Magdalena WARAKOMSKA ELAPSED TIME
3,14.75,14.75,4,14.91,14.91,1,14.43,14.43,5,15.02,15.02,2,14.59,14.59
3,10.96,25.71,5,10.93,25.84,1,11.08,25.51,4,10.80,25.82,2,11.03,25.62
3,10.05,35.76,4,10.01,35.85,2,10.14,35.65,5,10.26,36.08,1,9.86,35.48
3,9.90,45.66,4,9.90,45.75,2,9.92,45.57,5,9.78,45.86,1,9.89,45.37
3,9.95,55.61,4,9.95,55.70,2,9.93,55.50,5,9.98,55.84,1,9.95,55.32
3,9.91,1:05.52,4,9.92,1:05.62,2,9.92,1:05.42,5,9.91,1:05.75,1,9.95,1:05.27
3,9.78,1:15.30,4,9.80,1:15.42,2,9.77,1:15.19,5,9.83,1:15.58,1,9.89,1:15.16
2,9.61,1:24.91,3,9.70,1:25.12,1,9.47,1:24.66,5,9.70,1:25.28,4,9.98,1:25.14
2,9.66,1:34.57,4,10.12,1:35.24,1,9.77,1:34.43,3,9.92,1:35.20,5,10.77,1:35.91
