START_POS_1 POSITION,START_POS_1 LAP TIME,START_POS_1 ELAPSED TIME,START_POS_2 POSITION,START_POS_2 LAP TIME,START_POS_2 ELAPSED TIME,START_POS_3 POSITION,START_POS_3 LAP TIME,START_POS_3 ELAPSED TIME,START_POS_4 POSITION,START_POS_4 LAP TIME,START_POS_4 ELAPSED TIME,START_POS_5 POSITION,START_POS_5 LAP TIME,START_POS_5 ELAPSED TIME,START_POS_6 POSITION,START_POS_6 LAP TIME,START_POS_6 ELAPSED TIME,season,competition,event,gender,round,race
1,12.68,12.68,2,12.74,12.74,3,12.83,12.83,4,12.89,12.89,5,12.98,12.98,6,13.12,13.12,2017-2018,Audi ISU World Cup 2017/18 - Dordrecht (NED),1000m,m,Heats,7
3,10.14,22.82,2,10.06,22.80,1,9.94,22.77,4,10.10,22.99,5,10.12,23.10,6,10.12,23.24,2017-2018,Audi ISU World Cup 2017/18 - Dordrecht (NED),1000m,m,Heats,7
3,9.39,32.21,2,9.33,32.13,1,9.29,32.06,4,9.34,32.33,5,9.33,32.43,6,9.35,32.59,2017-2018,Audi ISU World Cup 2017/18 - Dordrecht (NED),1000m,m,Heats,7
4,9.36,41.57,2,9.25,41.38,1,9.24,41.30,3,9.14,41.47,5,9.17,41.60,6,9.12,41.71,2017-2018,Audi ISU World Cup 2017/18 - Dordrecht (NED),1000m,m,Heats,7
5,9.46,51.03,2,9.08,50.46,1,9.08,50.38,3,9.09,50.56,4,9.24,50.84,6,9.44,51.15,2017-2018,Audi ISU World Cup 2017/18 - Dordrecht (NED),1000m,m,Heats,7
5,9.07,1:00.10,2,9.09,59.55,1,9.10,59.48,3,9.08,59.64,4,9.14,59.98,6,9.60,1:00.75,2017-2018,Audi ISU World Cup 2017/18 - Dordrecht (NED),1000m,m,Heats,7
5,9.14,1:09.24,1,8.82,1:08.37,3,9.17,1:08.65,2,8.84,1:08.48,4,9.20,1:09.18,6,9.86,1:10.61,2017-2018,Audi ISU World Cup 2017/18 - Dordrecht (NED),1000m,m,Heats,7
4,9.40,1:18.64,1,8.78,1:17.15,3,9.03,1:17.68,2,8.77,1:17.25,5,9.62,1:18.80,6,10.56,1:21.17,2017-2018,Audi ISU World Cup 2017/18 - Dordrecht (NED),1000m,m,Heats,7
4,9.80,1:28.441,1,8.83,1:25.98,3,9.27,1:26.957,2,8.93,1:26.18,5,9.93,1:28.738,6,12.16,1:33.331,2017-2018,Audi ISU World Cup 2017/18 - Dordrecht (NED),1000m,m,Heats,7
