Roberts ZVEJNIEKS POSITION,Roberts ZVEJNIEKS LAP TIME,Roberts ZVEJNIEKS ELAPSED TIME,Alex BRYANT POSITION,Alex BRYANT LAP TIME,Alex BRYANT ELAPSED TIME,HAN Tianyu POSITION,HAN Tianyu LAP TIME,HAN Tianyu ELAPSED TIME,NEMIRO Nikita POSITION,NEMIRO Nikita LAP TIME,NEMIRO Nikita ELAPSED TIME,Philemon RAINER POSITION,Philemon RAINER LAP TIME,Philemon RAINER ELAPSED TIME
3,13.85,13.85,4,14.00,14.00,2,13.66,13.66,1,13.51,13.51,5,14.11,14.11
3,10.03,23.88,4,9.98,23.98,2,10.07,23.73,1,10.07,23.58,5,9.96,24.07
3,9.62,33.50,4,9.63,33.61,2,9.58,33.31,1,9.61,33.19,5,9.64,33.71
3,9.28,42.78,4,9.29,42.90,2,9.28,42.59,1,9.29,42.48,5,9.40,43.11
2,9.05,51.83,4,9.08,51.98,1,9.10,51.69,3,9.37,51.85,5,9.44,52.55
2,9.16,1:00.99,3,9.15,1:01.13,1,9.16,1:00.85,4,9.48,1:01.33,5,10.03,1:02.58
2,9.05,1:10.04,3,9.31,1:10.44,1,9.06,1:09.91,4,9.44,1:10.77,5,10.13,1:12.71
2,9.10,1:19.14,3,9.58,1:20.02,1,9.09,1:19.00,4,9.76,1:20.53,5,10.67,1:23.38
2,9.15,1:28.29,3,9.78,1:29.809,1,9.18,1:28.18,4,10.14,1:30.677,5,10.93,1:34.311
