START_POS_1 POSITION,START_POS_1 LAP TIME,START_POS_1 ELAPSED TIME,START_POS_2 POSITION,START_POS_2 LAP TIME,START_POS_2 ELAPSED TIME,START_POS_3 POSITION,START_POS_3 LAP TIME,START_POS_3 ELAPSED TIME,START_POS_4 POSITION,START_POS_4 LAP TIME,START_POS_4 ELAPSED TIME,START_POS_5 POSITION,START_POS_5 LAP TIME,START_POS_5 ELAPSED TIME,season,competition,event,gender,round,race
4,13.82,13.82,2,13.73,13.73,5,14.07,14.07,3,13.81,13.81,1,13.64,,2017-2018,ISU European Short Track Championships 2018 - Dresden (GER),1000m,m,Heats,3
4,10.95,24.77,3,10.87,24.60,5,10.85,24.92,1,10.49,24.30,2,10.84,,2017-2018,ISU European Short Track Championships 2018 - Dresden (GER),1000m,m,Heats,3
5,10.41,35.18,3,10.34,34.94,4,10.12,35.04,1,10.35,34.65,2,10.37,,2017-2018,ISU European Short Track Championships 2018 - Dresden (GER),1000m,m,Heats,3
5,10.20,45.38,3,10.03,44.97,4,10.04,45.08,1,10.17,44.82,2,10.08,,2017-2018,ISU European Short Track Championships 2018 - Dresden (GER),1000m,m,Heats,3
5,9.47,54.85,4,9.32,54.29,3,9.09,54.17,1,9.11,53.93,2,9.10,,2017-2018,ISU European Short Track Championships 2018 - Dresden (GER),1000m,m,Heats,3
5,9.54,1:04.39,4,8.87,1:03.16,2,8.77,1:02.94,1,8.81,1:02.74,3,8.94,,2017-2018,ISU European Short Track Championships 2018 - Dresden (GER),1000m,m,Heats,3
5,10.04,1:14.43,4,8.83,1:11.99,2,8.72,1:11.66,1,8.84,1:11.58,3,8.87,,2017-2018,ISU European Short Track Championships 2018 - Dresden (GER),1000m,m,Heats,3
4,10.77,1:25.20,3,9.02,1:21.01,1,8.71,1:20.37,2,8.95,1:20.53,5,19.40,1:31.24,2017-2018,ISU European Short Track Championships 2018 - Dresden (GER),1000m,m,Heats,3
4,11.28,1:36.48,3,9.47,1:30.48,1,8.80,1:29.17,2,9.22,1:29.75,,,,2017-2018,ISU European Short Track Championships 2018 - Dresden (GER),1000m,m,Heats,3
