Adam TIMAR POSITION,Adam TIMAR LAP TIME,Adam TIMAR ELAPSED TIME,Sean McANUFF POSITION,Sean McANUFF LAP TIME,Sean McANUFF ELAPSED TIME,YOSHINAGA Kazuki POSITION,YOSHINAGA Kazuki LAP TIME,YOSHINAGA Kazuki ELAPSED TIME,Billy SIMMS POSITION,Billy SIMMS LAP TIME,Billy SIMMS ELAPSED TIME,Samuel GIRARD POSITION,Samuel GIRARD LAP TIME,Samuel GIRARD ELAPSED TIME
5,13.38,13.38,1,12.88,12.88,3,13.10,13.10,4,13.26,13.26,2,13.00,13.00
5,10.21,23.59,3,10.41,23.29,1,9.97,23.07,4,10.20,23.46,2,10.28,23.28
5,9.75,33.34,4,9.90,33.19,1,9.85,32.92,3,9.71,33.17,2,9.71,32.99
5,9.80,43.14,4,9.82,43.01,1,9.59,42.51,3,9.58,42.75,2,9.62,42.61
5,9.41,52.55,4,9.45,52.46,2,9.46,51.97,2,9.22,51.97,1,9.18,51.79
4,9.30,1:01.85,5,9.55,1:02.01,3,9.33,1:01.30,2,9.21,1:01.18,1,9.20,1:00.99
4,9.72,1:11.57,5,9.67,1:11.68,2,8.86,1:10.16,3,9.11,1:10.29,1,9.02,1:10.01
4,10.15,1:21.72,5,10.13,1:21.81,2,8.89,1:19.05,3,9.26,1:19.55,1,8.91,1:18.92
5,10.42,1:32.146,4,10.14,1:31.956,2,9.05,1:28.10,3,9.69,1:29.24,1,8.99,1:27.91
