START_POS_1 POSITION,START_POS_1 LAP TIME,START_POS_1 ELAPSED TIME,START_POS_2 POSITION,START_POS_2 LAP TIME,START_POS_2 ELAPSED TIME,START_POS_3 POSITION,START_POS_3 LAP TIME,START_POS_3 ELAPSED TIME,START_POS_4 POSITION,START_POS_4 LAP TIME,START_POS_4 ELAPSED TIME,season,competition,event,gender,round,race
2,14.84,14.84,1,14.73,14.73,3,14.92,14.92,4,15.08,15.08,2017-2018,Audi ISU World Cup 2017/18 - Budapest (HUN),1000m,w,Preliminaries,8
2,11.80,26.64,1,11.80,26.53,3,11.84,26.76,4,11.80,26.88,2017-2018,Audi ISU World Cup 2017/18 - Budapest (HUN),1000m,w,Preliminaries,8
2,11.45,38.09,1,11.45,37.98,4,11.41,38.17,3,11.23,38.11,2017-2018,Audi ISU World Cup 2017/18 - Budapest (HUN),1000m,w,Preliminaries,8
3,10.67,48.76,2,10.70,48.68,4,10.70,48.87,1,10.46,48.57,2017-2018,Audi ISU World Cup 2017/18 - Budapest (HUN),1000m,w,Preliminaries,8
3,10.78,59.54,2,10.76,59.44,4,10.78,59.65,1,10.71,59.28,2017-2018,Audi ISU World Cup 2017/18 - Budapest (HUN),1000m,w,Preliminaries,8
3,10.38,1:09.92,2,10.35,1:09.79,4,10.45,1:10.10,1,10.45,1:09.73,2017-2018,Audi ISU World Cup 2017/18 - Budapest (HUN),1000m,w,Preliminaries,8
3,9.88,1:19.80,2,9.87,1:19.66,4,10.56,1:20.66,1,9.83,1:19.56,2017-2018,Audi ISU World Cup 2017/18 - Budapest (HUN),1000m,w,Preliminaries,8
3,9.74,1:29.54,2,9.63,1:29.29,4,10.86,1:31.52,1,9.63,1:29.19,2017-2018,Audi ISU World Cup 2017/18 - Budapest (HUN),1000m,w,Preliminaries,8
3,9.87,1:39.403,2,9.84,1:39.13,4,11.03,1:42.528,1,9.78,1:38.97,2017-2018,Audi ISU World Cup 2017/18 - Budapest (HUN),1000m,w,Preliminaries,8
