START_POS_1 POSITION,START_POS_1 LAP TIME,START_POS_1 ELAPSED TIME,START_POS_2 POSITION,START_POS_2 LAP TIME,START_POS_2 ELAPSED TIME,START_POS_3 POSITION,START_POS_3 LAP TIME,START_POS_3 ELAPSED TIME,START_POS_4 POSITION,START_POS_4 LAP TIME,START_POS_4 ELAPSED TIME,START_POS_5 POSITION,START_POS_5 LAP TIME,START_POS_5 ELAPSED TIME,season,competition,event,gender,round,race
4,14.31,14.31,2,14.19,14.19,1,14.14,14.14,3,14.25,14.25,5,14.53,14.53,2017-2018,Audi ISU World Cup 2017/18 - Budapest (HUN),1000m,w,Preliminaries,12
4,11.03,25.34,3,11.09,25.28,2,11.06,25.20,1,10.85,25.10,5,10.96,25.49,2017-2018,Audi ISU World Cup 2017/18 - Budapest (HUN),1000m,w,Preliminaries,12
2,11.11,36.45,4,11.34,36.62,3,11.29,36.49,1,11.25,36.35,5,11.27,36.76,2017-2018,Audi ISU World Cup 2017/18 - Budapest (HUN),1000m,w,Preliminaries,12
3,10.85,47.30,4,10.78,47.40,5,11.00,47.49,2,10.86,47.21,1,10.29,47.05,2017-2018,Audi ISU World Cup 2017/18 - Budapest (HUN),1000m,w,Preliminaries,12
4,10.17,57.47,3,10.06,57.46,5,10.09,57.58,2,10.14,57.35,1,10.18,57.23,2017-2018,Audi ISU World Cup 2017/18 - Budapest (HUN),1000m,w,Preliminaries,12
5,10.24,1:07.71,3,10.08,1:07.54,4,9.98,1:07.56,2,10.01,1:07.36,1,9.85,1:07.08,2017-2018,Audi ISU World Cup 2017/18 - Budapest (HUN),1000m,w,Preliminaries,12
5,9.85,1:17.56,4,10.00,1:17.54,3,9.64,1:17.20,2,9.83,1:17.19,1,9.64,1:16.72,2017-2018,Audi ISU World Cup 2017/18 - Budapest (HUN),1000m,w,Preliminaries,12
4,9.83,1:27.39,5,10.25,1:27.79,2,9.40,1:26.60,3,10.05,1:27.24,1,9.69,1:26.41,2017-2018,Audi ISU World Cup 2017/18 - Budapest (HUN),1000m,w,Preliminaries,12
4,10.12,1:37.500,5,10.56,1:38.331,2,9.63,1:36.23,3,10.19,1:37.418,1,9.75,1:36.16,2017-2018,Audi ISU World Cup 2017/18 - Budapest (HUN),1000m,w,Preliminaries,12
