IZAFATAVA Hanna POSITION,IZAFATAVA Hanna LAP TIME,IZAFATAVA Hanna ELAPSED TIME,DALRYMPLE Georgie POSITION,DALRYMPLE Georgie LAP TIME,DALRYMPLE Georgie ELAPSED TIME,KIM Ji Yoo POSITION,KIM Ji Yoo LAP TIME,KIM Ji Yoo ELAPSED TIME,Gloria IORIATTI POSITION,Gloria IORIATTI LAP TIME,Gloria IORIATTI ELAPSED TIME,Ina LES POSITION,Ina LES LAP TIME,Ina LES ELAPSED TIME
3,14.73,14.73,1,14.47,14.47,2,14.60,14.60,4,14.84,14.84,5,15.00,15.00
2,11.32,26.05,1,11.36,25.83,3,11.46,26.06,4,11.35,26.19,5,11.37,26.37
3,10.91,36.96,1,11.07,36.90,2,10.87,36.93,4,10.91,37.10,5,11.05,37.42
3,10.50,47.46,2,10.47,47.37,1,10.32,47.25,4,10.47,47.57,5,11.28,48.70
3,10.42,57.88,2,10.42,57.79,1,10.40,57.65,4,10.43,58.00,5,11.70,1:00.40
3,10.23,1:08.11,2,10.23,1:08.02,1,10.22,1:07.87,4,10.26,1:08.26,5,12.15,1:12.55
3,10.18,1:18.29,2,10.19,1:18.21,1,10.05,1:17.92,4,10.17,1:18.43,5,12.55,1:25.10
2,10.23,1:28.52,5,23.73,1:41.94,1,10.02,1:27.94,3,10.33,1:28.76,4,13.25,1:38.35
2,10.33,1:38.85,5,20.59,2:02.53,1,10.10,1:38.04,3,10.23,1:38.99,4,13.26,1:51.61
