START_POS_1 POSITION,START_POS_1 LAP TIME,START_POS_1 ELAPSED TIME,START_POS_2 POSITION,START_POS_2 LAP TIME,START_POS_2 ELAPSED TIME,START_POS_3 POSITION,START_POS_3 LAP TIME,START_POS_3 ELAPSED TIME,START_POS_4 POSITION,START_POS_4 LAP TIME,START_POS_4 ELAPSED TIME,START_POS_5 POSITION,START_POS_5 LAP TIME,START_POS_5 ELAPSED TIME,season,competition,event,gender,round,race
5,14.08,,1,13.51,,4,13.82,13.82,3,13.71,13.71,2,13.64,13.64,2018-2019,ISU World Junior Short Track Championships 2019 - Montreal (CAN),1000m,w,Quarterfinals,4
5,9.93,,1,9.86,,4,9.84,23.66,3,9.87,23.58,2,9.82,23.46,2018-2019,ISU World Junior Short Track Championships 2019 - Montreal (CAN),1000m,w,Quarterfinals,4
5,9.41,,1,9.58,,4,9.56,33.22,3,9.54,33.12,2,9.60,33.06,2018-2019,ISU World Junior Short Track Championships 2019 - Montreal (CAN),1000m,w,Quarterfinals,4
5,9.54,,1,9.66,,3,9.56,42.78,4,9.67,42.79,2,9.65,42.71,2018-2019,ISU World Junior Short Track Championships 2019 - Montreal (CAN),1000m,w,Quarterfinals,4
5,9.56,,1,9.51,,3,9.55,52.33,4,9.64,52.43,2,9.53,52.24,2018-2019,ISU World Junior Short Track Championships 2019 - Montreal (CAN),1000m,w,Quarterfinals,4
4,9.46,,1,9.53,,3,9.54,1:01.87,4,9.55,1:01.98,2,9.55,1:01.79,2018-2019,ISU World Junior Short Track Championships 2019 - Montreal (CAN),1000m,w,Quarterfinals,4
3,9.61,,1,9.78,,5,10.25,1:12.12,4,9.90,1:11.88,1,9.64,1:11.43,2018-2019,ISU World Junior Short Track Championships 2019 - Montreal (CAN),1000m,w,Quarterfinals,4
2,10.03,,5,32.54,,4,10.55,1:22.67,3,10.16,1:22.04,1,9.99,1:21.42,2018-2019,ISU World Junior Short Track Championships 2019 - Montreal (CAN),1000m,w,Quarterfinals,4
2,10.07,,,,,3,11.03,1:33.704,3,10.71,1:32.75,1,10.27,1:31.69,2018-2019,ISU World Junior Short Track Championships 2019 - Montreal (CAN),1000m,w,Quarterfinals,4
