START_POS_1 POSITION,START_POS_1 LAP TIME,START_POS_1 ELAPSED TIME,START_POS_2 POSITION,START_POS_2 LAP TIME,START_POS_2 ELAPSED TIME,START_POS_3 POSITION,START_POS_3 LAP TIME,START_POS_3 ELAPSED TIME,START_POS_4 POSITION,START_POS_4 LAP TIME,START_POS_4 ELAPSED TIME,START_POS_5 POSITION,START_POS_5 LAP TIME,START_POS_5 ELAPSED TIME,season,competition,event,gender,round,race
1,13.19,13.19,2,13.21,13.21,3,13.37,13.37,4,13.52,13.52,5,13.63,,2018-2019,ISU European Short Track Championships 2019 - Dordrecht (NED),1000m,w,Quarterfinals,3
1,9.97,23.16,2,10.03,23.24,3,9.91,23.28,4,9.83,23.35,5,9.88,,2018-2019,ISU European Short Track Championships 2019 - Dordrecht (NED),1000m,w,Quarterfinals,3
1,9.44,32.60,2,9.42,32.66,4,9.53,32.81,3,9.33,32.68,5,9.52,,2018-2019,ISU European Short Track Championships 2019 - Dordrecht (NED),1000m,w,Quarterfinals,3
1,9.32,41.92,2,9.36,42.02,4,9.42,42.23,3,9.45,42.13,5,9.36,,2018-2019,ISU European Short Track Championships 2019 - Dordrecht (NED),1000m,w,Quarterfinals,3
1,9.58,51.50,2,9.53,51.55,4,9.50,51.73,3,9.48,51.61,5,9.48,,2018-2019,ISU European Short Track Championships 2019 - Dordrecht (NED),1000m,w,Quarterfinals,3
1,9.68,1:01.18,2,9.70,1:01.25,3,9.58,1:01.31,4,9.73,1:01.34,5,9.65,,2018-2019,ISU European Short Track Championships 2019 - Dordrecht (NED),1000m,w,Quarterfinals,3
1,9.62,1:10.80,2,9.57,1:10.82,3,9.69,1:11.00,4,9.72,1:11.06,5,33.68,,2018-2019,ISU European Short Track Championships 2019 - Dordrecht (NED),1000m,w,Quarterfinals,3
2,9.93,1:20.73,1,9.83,1:20.65,4,10.03,1:21.03,3,9.73,1:20.79,5,16.17,,2018-2019,ISU European Short Track Championships 2019 - Dordrecht (NED),1000m,w,Quarterfinals,3
2,10.08,1:30.81,1,10.09,1:30.74,4,10.50,1:31.538,3,10.12,1:30.91,,,,2018-2019,ISU European Short Track Championships 2019 - Dordrecht (NED),1000m,w,Quarterfinals,3
