START_POS_1 POSITION,START_POS_1 LAP TIME,START_POS_1 ELAPSED TIME,START_POS_2 POSITION,START_POS_2 LAP TIME,START_POS_2 ELAPSED TIME,START_POS_3 POSITION,START_POS_3 LAP TIME,START_POS_3 ELAPSED TIME,START_POS_4 POSITION,START_POS_4 LAP TIME,START_POS_4 ELAPSED TIME,START_POS_5 POSITION,START_POS_5 LAP TIME,START_POS_5 ELAPSED TIME,season,competition,event,gender,round,race
1,12.57,12.57,2,12.58,12.58,3,12.73,12.73,4,12.74,12.74,5,12.96,12.96,2018-2019,ISU World Short Track Championships 2019 - Sofia (BUL),1000m,m,Quarterfinals,3
2,9.55,22.12,1,9.44,22.02,4,9.64,22.37,3,9.52,22.26,5,9.42,22.38,2018-2019,ISU World Short Track Championships 2019 - Sofia (BUL),1000m,m,Quarterfinals,3
2,9.26,31.38,1,9.23,31.25,5,9.45,31.82,3,9.23,31.49,4,9.26,31.64,2018-2019,ISU World Short Track Championships 2019 - Sofia (BUL),1000m,m,Quarterfinals,3
2,9.07,40.45,1,9.11,40.36,5,8.98,40.80,3,9.09,40.58,4,9.07,40.71,2018-2019,ISU World Short Track Championships 2019 - Sofia (BUL),1000m,m,Quarterfinals,3
2,9.14,49.59,1,9.16,49.52,5,9.11,49.91,3,9.10,49.68,4,9.10,49.81,2018-2019,ISU World Short Track Championships 2019 - Sofia (BUL),1000m,m,Quarterfinals,3
2,9.06,58.65,1,9.05,58.57,5,9.08,58.99,3,9.07,58.75,4,9.07,58.88,2018-2019,ISU World Short Track Championships 2019 - Sofia (BUL),1000m,m,Quarterfinals,3
1,8.70,1:07.35,3,8.98,1:07.55,5,8.94,1:07.93,2,8.74,1:07.49,4,8.80,1:07.68,2018-2019,ISU World Short Track Championships 2019 - Sofia (BUL),1000m,m,Quarterfinals,3
2,9.01,1:16.36,4,9.17,1:16.72,5,9.01,1:16.94,1,8.86,1:16.35,3,8.87,1:16.55,2018-2019,ISU World Short Track Championships 2019 - Sofia (BUL),1000m,m,Quarterfinals,3
2,9.30,1:25.66,4,9.30,1:26.023,5,9.25,1:26.195,1,9.27,1:25.62,3,9.31,1:25.86,2018-2019,ISU World Short Track Championships 2019 - Sofia (BUL),1000m,m,Quarterfinals,3
