START_POS_1 POSITION,START_POS_1 LAP TIME,START_POS_1 ELAPSED TIME,START_POS_2 POSITION,START_POS_2 LAP TIME,START_POS_2 ELAPSED TIME,START_POS_3 POSITION,START_POS_3 LAP TIME,START_POS_3 ELAPSED TIME,START_POS_4 POSITION,START_POS_4 LAP TIME,START_POS_4 ELAPSED TIME,START_POS_5 POSITION,START_POS_5 LAP TIME,START_POS_5 ELAPSED TIME,season,competition,event,gender,round,race
2,12.69,12.69,3,12.75,,4,12.98,12.98,5,13.09,13.09,1,12.64,12.64,2018-2019,ISU World Cup 2018/19 - Dresden (GER),1000m(1),m,Preliminaries,4
2,9.41,22.10,3,9.45,,4,9.33,22.31,5,9.34,22.43,1,9.35,21.99,2018-2019,ISU World Cup 2018/19 - Dresden (GER),1000m(1),m,Preliminaries,4
2,9.22,31.32,5,20.52,,3,9.03,31.34,4,9.05,31.48,1,9.17,31.16,2018-2019,ISU World Cup 2018/19 - Dresden (GER),1000m(1),m,Preliminaries,4
3,9.16,40.48,5,11.44,,2,8.91,40.25,4,9.38,40.86,1,8.97,40.13,2018-2019,ISU World Cup 2018/19 - Dresden (GER),1000m(1),m,Preliminaries,4
3,9.09,49.57,5,11.39,,2,9.09,49.34,4,9.11,49.97,1,9.14,49.27,2018-2019,ISU World Cup 2018/19 - Dresden (GER),1000m(1),m,Preliminaries,4
3,9.12,58.69,5,13.07,,2,9.10,58.44,4,8.89,58.86,1,9.06,58.33,2018-2019,ISU World Cup 2018/19 - Dresden (GER),1000m(1),m,Preliminaries,4
3,9.24,1:07.93,5,13.63,1:32.25,2,9.26,1:07.70,4,9.15,1:08.01,1,9.25,1:07.58,2018-2019,ISU World Cup 2018/19 - Dresden (GER),1000m(1),m,Preliminaries,4
3,9.57,1:17.50,,,,2,9.03,1:16.73,4,9.61,1:17.62,1,9.02,1:16.60,2018-2019,ISU World Cup 2018/19 - Dresden (GER),1000m(1),m,Preliminaries,4
3,9.71,1:27.21,,,,2,9.07,1:25.80,4,9.69,1:27.31,1,9.00,1:25.60,2018-2019,ISU World Cup 2018/19 - Dresden (GER),1000m(1),m,Preliminaries,4
