KRUZBERGS Karlis POSITION,KRUZBERGS Karlis LAP TIME,KRUZBERGS Karlis ELAPSED TIME,SITNIKOV Pavel POSITION,SITNIKOV Pavel LAP TIME,SITNIKOV Pavel ELAPSED TIME,HANDEI Volodymyr POSITION,HANDEI Volodymyr LAP TIME,HANDEI Volodymyr ELAPSED TIME,CONFORTOLA Yuri POSITION,CONFORTOLA Yuri LAP TIME,CONFORTOLA Yuri ELAPSED TIME
2,13.61,13.61,1,13.53,13.53,4,13.74,13.74,3,13.66,13.66
3,10.54,24.15,2,10.51,24.04,4,10.53,24.27,1,10.37,24.03
3,10.00,34.15,1,9.95,33.99,4,9.98,34.25,1,9.96,33.99
3,9.67,43.82,2,9.75,43.74,4,9.60,43.85,1,9.65,43.64
3,9.37,53.19,2,9.36,53.10,4,9.49,53.34,1,9.36,53.00
3,9.15,1:02.34,2,9.16,1:02.26,4,9.10,1:02.44,1,9.14,1:02.14
3,9.00,1:11.34,2,8.99,1:11.25,4,9.01,1:11.45,1,9.02,1:11.16
3,9.03,1:20.37,2,9.00,1:20.25,4,9.14,1:20.59,1,8.97,1:20.13
3,9.13,1:29.50,2,9.12,1:29.37,4,9.50,1:30.09,1,9.15,1:29.28
