START_POS_1 POSITION,START_POS_1 LAP TIME,START_POS_1 ELAPSED TIME,START_POS_2 POSITION,START_POS_2 LAP TIME,START_POS_2 ELAPSED TIME,START_POS_3 POSITION,START_POS_3 LAP TIME,START_POS_3 ELAPSED TIME,START_POS_4 POSITION,START_POS_4 LAP TIME,START_POS_4 ELAPSED TIME,START_POS_5 POSITION,START_POS_5 LAP TIME,START_POS_5 ELAPSED TIME,season,competition,event,gender,round,race
1,13.85,,4,14.10,14.10,2,13.96,13.96,3,14.00,,5,14.20,14.20,2018-2019,ISU World Cup 2018/19 - Salt Lake City (USA),1000m(2),w,Quarterfinals,1
1,10.63,,5,10.64,24.74,2,10.62,24.58,3,10.62,,4,10.44,24.64,2018-2019,ISU World Cup 2018/19 - Salt Lake City (USA),1000m(2),w,Quarterfinals,1
2,9.72,,5,9.82,34.56,4,9.88,34.46,3,9.73,,1,9.36,34.00,2018-2019,ISU World Cup 2018/19 - Salt Lake City (USA),1000m(2),w,Quarterfinals,1
2,9.27,,5,9.35,43.91,4,9.34,43.80,3,9.24,,1,9.38,43.38,2018-2019,ISU World Cup 2018/19 - Salt Lake City (USA),1000m(2),w,Quarterfinals,1
2,9.48,,5,9.36,53.27,4,9.33,53.13,3,9.42,,1,9.48,52.86,2018-2019,ISU World Cup 2018/19 - Salt Lake City (USA),1000m(2),w,Quarterfinals,1
2,9.64,,4,9.42,1:02.69,5,9.70,1:02.83,2,9.58,,1,9.67,1:02.53,2018-2019,ISU World Cup 2018/19 - Salt Lake City (USA),1000m(2),w,Quarterfinals,1
4,9.95,,2,9.66,1:12.35,5,9.83,1:12.66,3,9.87,,1,9.72,1:12.25,2018-2019,ISU World Cup 2018/19 - Salt Lake City (USA),1000m(2),w,Quarterfinals,1
4,9.84,,2,9.74,1:22.09,5,9.85,1:22.51,3,9.88,,1,9.74,1:21.99,2018-2019,ISU World Cup 2018/19 - Salt Lake City (USA),1000m(2),w,Quarterfinals,1
,,,1,9.71,1:31.80,3,9.93,1:32.44,4,26.52,,2,10.00,1:31.99,2018-2019,ISU World Cup 2018/19 - Salt Lake City (USA),1000m(2),w,Quarterfinals,1
