Jonathan SO POSITION,Jonathan SO LAP TIME,Jonathan SO ELAPSED TIME,BLUNDEN Keanu POSITION,BLUNDEN Keanu LAP TIME,BLUNDEN Keanu ELAPSED TIME,GEORGIEV Dimitar POSITION,GEORGIEV Dimitar LAP TIME,GEORGIEV Dimitar ELAPSED TIME,Nicolas LABORDE POSITION,Nicolas LABORDE LAP TIME,Nicolas LABORDE ELAPSED TIME,Maksim SIARHEYU POSITION,Maksim SIARHEYU LAP TIME,Maksim SIARHEYU ELAPSED TIME,Metehan ATAN POSITION,Metehan ATAN LAP TIME,Metehan ATAN ELAPSED TIME
1,13.17,13.17,2,13.27,13.27,3,13.46,13.46,6,13.79,13.79,5,13.52,13.52,4,13.49,13.49
1,10.04,23.21,2,10.08,23.35,4,10.08,23.54,5,9.77,23.56,6,10.21,23.73,3,9.93,23.42
1,10.05,33.26,2,10.04,33.39,5,10.06,33.60,3,9.95,33.51,4,9.84,33.57,6,10.39,33.81
2,9.74,43.00,1,9.46,42.85,5,9.81,43.41,3,9.65,43.16,4,9.74,43.31,6,9.77,43.58
2,9.40,52.40,1,9.37,52.22,5,9.20,52.61,4,9.34,52.50,3,9.18,52.49,6,9.07,52.65
2,9.20,1:01.60,1,9.24,1:01.46,6,9.71,1:02.32,3,9.46,1:01.96,5,9.78,1:02.27,4,9.52,1:02.17
2,8.96,1:10.56,1,9.02,1:10.48,5,9.24,1:11.56,3,9.30,1:11.26,6,9.33,1:11.60,4,9.17,1:11.34
2,9.04,1:19.60,1,8.92,1:19.40,5,9.60,1:21.16,4,9.46,1:20.72,6,10.06,1:21.66,3,9.23,1:20.57
2,9.28,1:28.88,1,9.03,1:28.43,5,9.50,1:30.662,4,9.55,1:30.276,6,10.57,1:32.231,3,9.62,1:30.196
