START_POS_1 POSITION,START_POS_1 LAP TIME,START_POS_1 ELAPSED TIME,START_POS_2 POSITION,START_POS_2 LAP TIME,START_POS_2 ELAPSED TIME,START_POS_3 POSITION,START_POS_3 LAP TIME,START_POS_3 ELAPSED TIME,START_POS_4 POSITION,START_POS_4 LAP TIME,START_POS_4 ELAPSED TIME,START_POS_5 POSITION,START_POS_5 LAP TIME,START_POS_5 ELAPSED TIME,season,competition,event,gender,round,race
1,14.67,14.67,3,14.75,,2,14.74,14.74,4,14.96,,5,15.09,15.09,2018-2019,ISU World Cup 2018/19 - Salt Lake City (USA),1000m(1),w,Rep.Quarterfinals,3
1,11.86,26.53,1,11.78,,3,11.89,26.63,5,11.83,,4,11.69,26.78,2018-2019,ISU World Cup 2018/19 - Salt Lake City (USA),1000m(1),w,Rep.Quarterfinals,3
3,11.28,37.81,1,11.15,,2,11.15,37.78,5,11.20,,4,11.12,37.90,2018-2019,ISU World Cup 2018/19 - Salt Lake City (USA),1000m(1),w,Rep.Quarterfinals,3
2,10.59,48.40,1,10.63,,3,10.76,48.54,4,10.63,,5,10.77,48.67,2018-2019,ISU World Cup 2018/19 - Salt Lake City (USA),1000m(1),w,Rep.Quarterfinals,3
2,10.04,58.44,1,10.01,,3,10.01,58.55,4,10.06,,5,10.14,58.81,2018-2019,ISU World Cup 2018/19 - Salt Lake City (USA),1000m(1),w,Rep.Quarterfinals,3
2,9.50,1:07.94,1,9.55,,3,9.52,1:08.07,4,9.47,,5,9.52,1:08.33,2018-2019,ISU World Cup 2018/19 - Salt Lake City (USA),1000m(1),w,Rep.Quarterfinals,3
1,9.35,1:17.29,2,9.49,,4,9.34,1:17.41,3,9.25,,5,9.30,1:17.63,2018-2019,ISU World Cup 2018/19 - Salt Lake City (USA),1000m(1),w,Rep.Quarterfinals,3
1,9.22,1:26.51,3,9.63,1:26.99,4,9.76,1:27.17,2,9.57,,5,9.82,1:27.45,2018-2019,ISU World Cup 2018/19 - Salt Lake City (USA),1000m(1),w,Rep.Quarterfinals,3
1,9.56,1:36.07,,,,3,10.54,1:37.719,2,9.51,,0,10.25,1:37.70,2018-2019,ISU World Cup 2018/19 - Salt Lake City (USA),1000m(1),w,Rep.Quarterfinals,3
