HIRAI Ami POSITION,HIRAI Ami LAP TIME,HIRAI Ami ELAPSED TIME,PENCHEVA Zornica POSITION,PENCHEVA Zornica LAP TIME,PENCHEVA Zornica ELAPSED TIME,Anastasiia MIGUNOVA POSITION,Anastasiia MIGUNOVA LAP TIME,Anastasiia MIGUNOVA ELAPSED TIME,Jamie JURAK POSITION,Jamie JURAK LAP TIME,Jamie JURAK ELAPSED TIME,THOMSON Kathryn POSITION,THOMSON Kathryn LAP TIME,THOMSON Kathryn ELAPSED TIME,ASCIC Valentina POSITION,ASCIC Valentina LAP TIME,ASCIC Valentina ELAPSED TIME
2,14.30,14.30,5,14.55,14.55,4,14.39,14.39,6,14.67,14.67,3,14.32,14.32,1,14.20,14.20
4,10.74,25.04,5,10.65,25.20,3,10.64,25.03,6,10.68,25.35,1,10.52,24.84,2,10.74,24.94
4,10.17,35.21,5,10.13,35.33,1,9.76,34.79,6,10.34,35.69,2,10.12,34.96,3,10.13,35.07
4,9.77,44.98,5,9.74,45.07,1,9.80,44.59,6,10.12,45.81,2,9.75,44.71,3,9.74,44.81
4,9.80,54.78,5,9.91,54.98,1,9.94,54.53,6,10.27,56.08,2,9.96,54.67,3,9.96,54.77
3,9.92,1:04.70,4,9.85,1:04.83,1,9.86,1:04.39,6,10.59,1:06.67,2,9.90,1:04.57,5,10.21,1:04.98
2,9.69,1:14.39,3,9.94,1:14.77,1,9.93,1:14.32,6,10.89,1:17.56,4,10.21,1:14.78,5,9.99,1:14.97
1,9.65,1:24.04,3,10.09,1:24.86,2,10.11,1:24.43,6,11.06,1:28.62,4,10.52,1:25.30,5,10.40,1:25.37
1,9.83,1:33.87,3,9.99,1:34.852,2,10.31,1:34.74,6,11.25,1:39.878,5,10.79,1:36.094,4,10.10,1:35.479
