CANADA POSITION,CANADA LAP TIME,CANADA ELAPSED TIME,KAZAKHSTAN POSITION,KAZAKHSTAN LAP TIME,KAZAKHSTAN ELAPSED TIME,JAPAN POSITION,JAPAN LAP TIME,JAPAN ELAPSED TIME,ITALY POSITION,ITALY LAP TIME,ITALY ELAPSED TIME
2,12.93,12.93,3,13.06,13.06,4,13.16,13.16,1,12.82,12.82
1,9.80,22.73,3,9.83,22.89,4,9.86,23.02,2,9.98,22.80
2,9.57,32.30,3,9.60,32.49,4,9.61,32.63,1,9.30,32.10
2,9.06,41.36,4,8.99,41.48,3,8.84,41.47,1,9.13,41.23
2,9.16,50.52,4,9.25,50.73,3,9.14,50.61,1,9.21,50.44
2,9.18,59.70,4,9.20,59.93,3,9.17,59.78,1,9.19,59.63
2,9.14,1:08.84,4,9.21,1:09.14,3,9.20,1:08.98,1,9.12,1:08.75
2,9.07,1:17.91,4,9.01,1:18.15,3,9.03,1:18.01,1,9.07,1:17.82
2,8.93,1:26.84,4,8.96,1:27.11,3,8.94,1:26.95,1,8.95,1:26.77
2,8.89,1:35.73,4,8.89,1:36.00,3,8.86,1:35.81,1,8.88,1:35.65
2,9.12,1:44.85,4,9.03,1:45.03,3,9.13,1:44.94,1,9.07,1:44.72
2,8.85,1:53.70,4,8.90,1:53.93,3,8.86,1:53.80,1,8.82,1:53.54
2,8.73,2:02.43,4,8.81,2:02.74,3,8.79,2:02.59,1,8.80,2:02.34
1,8.70,2:11.13,4,8.73,2:11.47,3,8.72,2:11.31,2,8.85,2:11.19
1,8.99,2:20.12,4,9.02,2:20.49,3,9.04,2:20.35,2,9.03,2:20.22
1,8.82,2:28.94,4,8.79,2:29.28,3,8.79,2:29.14,2,8.83,2:29.05
1,8.84,2:37.78,4,8.86,2:38.14,3,8.90,2:38.04,2,8.85,2:37.90
1,8.81,2:46.59,4,8.74,2:46.88,3,8.72,2:46.76,2,8.77,2:46.67
1,8.71,2:55.30,3,8.60,2:55.48,4,8.82,2:55.58,2,8.70,2:55.37
1,8.70,3:04.00,4,8.86,3:04.34,3,8.65,3:04.23,2,8.71,3:04.08
1,8.86,3:12.86,4,8.78,3:13.12,3,8.83,3:13.06,2,8.87,3:12.95
1,8.61,3:21.47,3,8.62,3:21.74,4,8.77,3:21.83,2,8.67,3:21.62
1,8.55,3:30.02,3,8.55,3:30.29,4,8.58,3:30.41,2,8.59,3:30.21
1,8.60,3:38.62,3,8.52,3:38.81,4,8.56,3:38.97,2,8.50,3:38.71
1,8.53,3:47.15,3,8.48,3:47.29,4,8.56,3:47.53,2,8.49,3:47.20
1,8.46,3:55.61,3,8.55,3:55.84,4,8.38,3:55.91,2,8.49,3:55.69
1,8.58,4:04.19,4,8.69,4:04.53,3,8.50,4:04.41,2,8.62,4:04.31
1,8.33,4:12.52,4,8.48,4:13.01,3,8.49,4:12.90,2,8.51,4:12.82
1,8.27,4:20.79,4,8.39,4:21.40,3,8.36,4:21.26,2,8.32,4:21.14
1,8.33,4:29.12,4,8.29,4:29.69,3,8.26,4:29.52,2,8.24,4:29.38
1,8.41,4:37.53,4,8.28,4:37.97,3,8.33,4:37.85,2,8.37,4:37.75
1,8.34,4:45.87,4,8.34,4:46.31,3,8.31,4:46.16,2,8.21,4:45.96
1,8.36,4:54.23,4,8.33,4:54.64,3,8.35,4:54.51,2,8.43,4:54.39
1,8.44,5:02.67,4,8.40,5:03.04,3,8.44,5:02.95,2,8.46,5:02.85
1,8.45,5:11.12,4,12.81,5:15.85,3,8.78,5:11.73,2,8.56,5:11.41
1,8.49,5:19.61,4,9.02,5:24.87,3,8.52,5:20.25,2,8.61,5:20.02
1,8.55,5:28.16,4,8.65,5:33.52,3,8.39,5:28.64,2,8.51,5:28.53
1,8.42,5:36.58,4,9.37,5:42.89,3,8.38,5:37.02,2,8.30,5:36.83
1,8.39,5:44.97,4,9.05,5:51.94,3,8.44,5:45.46,2,8.22,5:45.05
1,8.54,5:53.51,4,8.98,6:00.92,3,8.45,5:53.91,2,8.55,5:53.60
1,8.66,6:02.17,4,8.82,6:09.74,3,8.50,6:02.41,2,8.71,6:02.31
1,8.52,6:10.69,4,8.97,6:18.71,3,8.50,6:10.91,2,8.50,6:10.81
1,8.40,6:19.09,4,9.33,6:28.04,3,8.54,6:19.45,2,8.50,6:19.31
1,8.35,6:27.44,4,9.48,6:37.52,3,8.33,6:27.78,2,8.42,6:27.73
1,8.51,6:35.95,4,10.79,6:48.31,2,8.35,6:36.13,3,8.81,6:36.54
