START_POS_1 POSITION,START_POS_1 LAP TIME,START_POS_1 ELAPSED TIME,START_POS_2 POSITION,START_POS_2 LAP TIME,START_POS_2 ELAPSED TIME,START_POS_3 POSITION,START_POS_3 LAP TIME,START_POS_3 ELAPSED TIME,START_POS_4 POSITION,START_POS_4 LAP TIME,START_POS_4 ELAPSED TIME,season,competition,event,gender,round,race
3,13.28,13.28,1,13.11,13.11,4,13.39,,2,13.17,13.17,2018-2019,ISU World Short Track Championships 2019 - Sofia (BUL),1000m,m,Preliminaries,2
1,9.96,23.24,2,10.24,23.35,4,10.15,,3,10.25,23.42,2018-2019,ISU World Short Track Championships 2019 - Sofia (BUL),1000m,m,Preliminaries,2
2,10.08,33.32,1,9.94,33.29,4,10.02,,3,10.02,33.44,2018-2019,ISU World Short Track Championships 2019 - Sofia (BUL),1000m,m,Preliminaries,2
2,9.86,43.18,1,9.81,43.10,4,9.82,,3,9.84,43.28,2018-2019,ISU World Short Track Championships 2019 - Sofia (BUL),1000m,m,Preliminaries,2
4,9.83,53.01,1,9.68,52.78,3,9.57,,2,9.60,52.88,2018-2019,ISU World Short Track Championships 2019 - Sofia (BUL),1000m,m,Preliminaries,2
4,9.54,1:02.55,1,9.30,1:02.08,2,9.25,,3,9.39,1:02.27,2018-2019,ISU World Short Track Championships 2019 - Sofia (BUL),1000m,m,Preliminaries,2
4,9.39,1:11.94,1,9.13,1:11.21,3,9.20,,2,9.11,1:11.38,2018-2019,ISU World Short Track Championships 2019 - Sofia (BUL),1000m,m,Preliminaries,2
3,9.62,1:21.56,1,8.96,1:20.17,2,8.85,,4,10.26,1:21.64,2018-2019,ISU World Short Track Championships 2019 - Sofia (BUL),1000m,m,Preliminaries,2
4,10.35,1:31.91,1,8.95,1:29.12,2,8.92,,3,9.93,1:31.57,2018-2019,ISU World Short Track Championships 2019 - Sofia (BUL),1000m,m,Preliminaries,2
