START_POS_1 POSITION,START_POS_1 LAP TIME,START_POS_1 ELAPSED TIME,START_POS_2 POSITION,START_POS_2 LAP TIME,START_POS_2 ELAPSED TIME,START_POS_3 POSITION,START_POS_3 LAP TIME,START_POS_3 ELAPSED TIME,START_POS_4 POSITION,START_POS_4 LAP TIME,START_POS_4 ELAPSED TIME,season,competition,event,gender,round,race
3,13.98,13.98,2,13.87,13.87,4,14.10,14.10,1,13.76,13.76,2018-2019,ISU World Cup 2018/19 - Salt Lake City (USA),1000m(2),w,Rep.Quarterfinals,2
3,10.33,24.31,2,10.31,24.18,4,10.34,24.44,1,10.31,24.07,2018-2019,ISU World Cup 2018/19 - Salt Lake City (USA),1000m(2),w,Rep.Quarterfinals,2
3,9.72,34.03,2,9.75,33.93,4,9.81,34.25,1,9.73,33.80,2018-2019,ISU World Cup 2018/19 - Salt Lake City (USA),1000m(2),w,Rep.Quarterfinals,2
3,9.51,43.54,2,9.51,43.44,4,9.72,43.97,1,9.54,43.34,2018-2019,ISU World Cup 2018/19 - Salt Lake City (USA),1000m(2),w,Rep.Quarterfinals,2
3,9.54,53.08,2,9.54,52.98,4,9.72,53.69,1,9.54,52.88,2018-2019,ISU World Cup 2018/19 - Salt Lake City (USA),1000m(2),w,Rep.Quarterfinals,2
3,9.76,1:02.84,2,9.85,1:02.83,4,9.87,1:03.56,1,9.85,1:02.73,2018-2019,ISU World Cup 2018/19 - Salt Lake City (USA),1000m(2),w,Rep.Quarterfinals,2
1,9.69,1:12.53,3,10.12,1:12.95,4,10.13,1:13.69,2,10.08,1:12.81,2018-2019,ISU World Cup 2018/19 - Salt Lake City (USA),1000m(2),w,Rep.Quarterfinals,2
1,9.90,1:22.43,2,10.26,1:23.21,4,10.37,1:24.06,3,10.70,1:23.51,2018-2019,ISU World Cup 2018/19 - Salt Lake City (USA),1000m(2),w,Rep.Quarterfinals,2
1,10.54,1:32.97,2,10.66,1:33.87,3,10.63,1:34.693,4,11.22,1:34.737,2018-2019,ISU World Cup 2018/19 - Salt Lake City (USA),1000m(2),w,Rep.Quarterfinals,2
