MALISZEWSKA Natalia POSITION,MALISZEWSKA Natalia LAP TIME,MALISZEWSKA Natalia ELAPSED TIME,GAGNON Claudia POSITION,GAGNON Claudia LAP TIME,GAGNON Claudia ELAPSED TIME,CHARLES Alyson POSITION,CHARLES Alyson LAP TIME,CHARLES Alyson ELAPSED TIME,van RUIJVEN Lara POSITION,van RUIJVEN Lara LAP TIME,van RUIJVEN Lara ELAPSED TIME,Lucia PERETTI POSITION,Lucia PERETTI LAP TIME,Lucia PERETTI ELAPSED TIME
3,14.15,14.15,4,14.27,14.27,2,14.06,14.06,1,13.91,13.91,5,14.38,14.38
3,10.91,25.06,4,10.95,25.22,1,10.82,24.88,2,10.98,24.89,5,10.97,25.35
3,10.49,35.55,4,10.45,35.67,1,10.56,35.44,2,10.61,35.50,5,10.43,35.78
2,9.88,45.43,4,10.00,45.67,3,10.03,45.47,1,9.86,45.36,5,10.00,45.78
2,9.76,55.19,4,9.74,55.41,3,9.83,55.30,1,9.76,55.12,5,9.74,55.52
2,9.46,1:04.65,4,9.50,1:04.91,3,9.48,1:04.78,1,9.45,1:04.57,5,9.63,1:05.15
1,9.10,1:13.75,4,9.25,1:14.16,3,9.25,1:14.03,2,9.36,1:13.93,5,9.67,1:14.82
1,9.34,1:23.09,4,9.28,1:23.44,2,9.25,1:23.28,2,9.35,1:23.28,5,9.76,1:24.58
1,9.48,1:32.57,0,9.52,1:32.96,2,9.42,1:32.70,0,9.70,1:32.98,5,10.31,1:34.89
