START_POS_1 POSITION,START_POS_1 LAP TIME,START_POS_1 ELAPSED TIME,START_POS_2 POSITION,START_POS_2 LAP TIME,START_POS_2 ELAPSED TIME,START_POS_3 POSITION,START_POS_3 LAP TIME,START_POS_3 ELAPSED TIME,START_POS_4 POSITION,START_POS_4 LAP TIME,START_POS_4 ELAPSED TIME,START_POS_5 POSITION,START_POS_5 LAP TIME,START_POS_5 ELAPSED TIME,season,competition,event,gender,round,race
2,13.65,13.65,5,13.92,13.92,1,13.53,13.53,3,13.81,13.81,4,13.89,13.89,2019-2020,ISU World Cup 2019/20 - Shanghai (CHN),1000m,m,Rep.Quarterfinals,3
3,11.11,24.76,4,10.96,24.88,1,10.99,24.52,5,11.28,25.09,2,10.76,24.65,2019-2020,ISU World Cup 2019/20 - Shanghai (CHN),1000m,m,Rep.Quarterfinals,3
4,10.80,35.56,1,10.33,35.21,2,10.81,35.33,5,10.66,35.75,3,10.79,35.44,2019-2020,ISU World Cup 2019/20 - Shanghai (CHN),1000m,m,Rep.Quarterfinals,3
3,10.22,45.78,4,10.59,45.80,2,10.36,45.69,5,10.14,45.89,1,10.15,45.59,2019-2020,ISU World Cup 2019/20 - Shanghai (CHN),1000m,m,Rep.Quarterfinals,3
4,9.63,55.41,5,9.71,55.51,3,9.64,55.33,1,9.19,55.08,2,9.63,55.22,2019-2020,ISU World Cup 2019/20 - Shanghai (CHN),1000m,m,Rep.Quarterfinals,3
5,9.19,1:04.60,4,9.02,1:04.53,3,8.99,1:04.32,1,9.01,1:04.09,2,9.08,1:04.30,2019-2020,ISU World Cup 2019/20 - Shanghai (CHN),1000m,m,Rep.Quarterfinals,3
5,9.35,1:13.95,4,9.31,1:13.84,2,8.93,1:13.25,1,9.01,1:13.10,3,9.06,1:13.36,2019-2020,ISU World Cup 2019/20 - Shanghai (CHN),1000m,m,Rep.Quarterfinals,3
4,9.40,1:23.35,4,9.51,1:23.35,2,8.95,1:22.20,1,9.02,1:22.12,3,9.04,1:22.40,2019-2020,ISU World Cup 2019/20 - Shanghai (CHN),1000m,m,Rep.Quarterfinals,3
4,9.58,1:32.935,5,9.94,1:33.297,2,9.31,1:31.51,1,9.27,1:31.39,3,9.30,1:31.700,2019-2020,ISU World Cup 2019/20 - Shanghai (CHN),1000m,m,Rep.Quarterfinals,3
