ZHAXYBAYEV Mersaid POSITION,ZHAXYBAYEV Mersaid LAP TIME,ZHAXYBAYEV Mersaid ELAPSED TIME,ZHANG Tianyi POSITION,ZHANG Tianyi LAP TIME,ZHANG Tianyi ELAPSED TIME,Csaba BURJAN POSITION,Csaba BURJAN LAP TIME,Csaba BURJAN ELAPSED TIME,Brendan Ronald COREY POSITION,Brendan Ronald COREY LAP TIME,Brendan Ronald COREY ELAPSED TIME
2,14.59,14.59,3,14.66,14.66,4,15.08,15.08,1,14.57,14.57
3,12.04,26.63,4,12.14,26.80,1,11.35,26.43,2,11.89,26.46
1,9.98,36.61,3,10.09,36.89,2,10.38,36.81,4,10.62,37.08
2,9.40,46.01,1,8.98,45.87,3,9.41,46.22,4,9.25,46.33
1,9.18,55.19,2,9.33,55.20,3,9.18,55.40,4,9.25,55.58
3,9.00,1:04.19,1,8.87,1:04.07,2,8.77,1:04.17,4,8.79,1:04.37
3,8.93,1:13.12,1,8.85,1:12.92,2,8.82,1:12.99,4,8.83,1:13.20
2,8.91,1:22.03,1,9.02,1:21.94,3,9.21,1:22.20,4,9.40,1:22.60
3,9.29,1:31.321,1,8.99,1:30.930,2,8.88,1:31.088,4,8.89,1:31.499
