START_POS_1 POSITION,START_POS_1 LAP TIME,START_POS_1 ELAPSED TIME,START_POS_2 POSITION,START_POS_2 LAP TIME,START_POS_2 ELAPSED TIME,START_POS_3 POSITION,START_POS_3 LAP TIME,START_POS_3 ELAPSED TIME,START_POS_4 POSITION,START_POS_4 LAP TIME,START_POS_4 ELAPSED TIME,season,competition,event,gender,round,race
3,12.93,12.93,4,13.04,,2,12.63,12.63,1,12.41,12.41,2019-2020,ISU World Cup 2019/20 - Dordrecht (NED),1000m(2),m,Heats,4
3,9.08,22.01,4,9.09,,2,8.86,21.49,1,8.96,21.37,2019-2020,ISU World Cup 2019/20 - Dordrecht (NED),1000m(2),m,Heats,4
4,8.99,31.00,3,8.76,,2,8.81,30.30,1,8.82,30.19,2019-2020,ISU World Cup 2019/20 - Dordrecht (NED),1000m(2),m,Heats,4
4,8.98,39.98,3,8.98,,2,8.92,39.22,1,8.92,39.11,2019-2020,ISU World Cup 2019/20 - Dordrecht (NED),1000m(2),m,Heats,4
4,9.32,49.30,3,9.32,,2,9.15,48.37,1,9.15,48.26,2019-2020,ISU World Cup 2019/20 - Dordrecht (NED),1000m(2),m,Heats,4
4,9.79,59.09,3,9.78,,2,9.34,57.71,1,9.36,57.62,2019-2020,ISU World Cup 2019/20 - Dordrecht (NED),1000m(2),m,Heats,4
3,10.05,1:09.14,4,26.73,,1,9.39,1:07.10,2,9.71,1:07.33,2019-2020,ISU World Cup 2019/20 - Dordrecht (NED),1000m(2),m,Heats,4
3,10.51,1:19.65,4,22.17,1:47.87,1,9.40,1:16.50,2,9.83,1:17.16,2019-2020,ISU World Cup 2019/20 - Dordrecht (NED),1000m(2),m,Heats,4
3,10.54,1:30.19,,,,1,9.43,1:25.93,2,10.08,1:27.24,2019-2020,ISU World Cup 2019/20 - Dordrecht (NED),1000m(2),m,Heats,4
