SZILICZEI-NEMET Rebeka POSITION,SZILICZEI-NEMET Rebeka LAP TIME,SZILICZEI-NEMET Rebeka ELAPSED TIME,HIRAI Ami POSITION,HIRAI Ami LAP TIME,HIRAI Ami ELAPSED TIME,HAN Yu Tong POSITION,HAN Yu Tong LAP TIME,HAN Yu Tong ELAPSED TIME,UZAKOVA Mariia-Mahdalyna POSITION,UZAKOVA Mariia-Mahdalyna LAP TIME,UZAKOVA Mariia-Mahdalyna ELAPSED TIME,RUSNAKOVA Petra POSITION,RUSNAKOVA Petra LAP TIME,RUSNAKOVA Petra ELAPSED TIME
2,14.19,14.19,3,14.36,14.36,4,14.51,14.51,5,14.62,14.62,1,14.03,14.03
1,10.71,24.90,3,10.79,25.15,4,10.75,25.26,5,10.80,25.42,2,10.90,24.93
1,10.38,35.28,2,10.26,35.41,4,10.37,35.63,5,10.31,35.73,3,10.59,35.52
1,10.22,45.50,2,10.22,45.63,3,10.10,45.73,5,10.20,45.93,4,10.23,45.75
2,9.62,55.12,3,9.62,55.25,1,9.20,54.93,5,9.56,55.49,4,9.63,55.38
2,9.39,1:04.51,3,9.41,1:04.66,1,9.47,1:04.40,5,9.54,1:05.03,4,9.38,1:04.76
3,9.75,1:14.26,2,9.59,1:14.25,1,9.77,1:14.17,5,9.78,1:14.81,4,9.71,1:14.47
3,9.80,1:24.06,2,9.68,1:23.93,1,9.55,1:23.72,5,10.22,1:25.03,4,9.77,1:24.24
3,9.64,1:33.70,2,9.72,1:33.65,1,9.84,1:33.56,5,10.72,1:35.75,4,9.72,1:33.96
