START_POS_1 POSITION,START_POS_1 LAP TIME,START_POS_1 ELAPSED TIME,START_POS_2 POSITION,START_POS_2 LAP TIME,START_POS_2 ELAPSED TIME,START_POS_3 POSITION,START_POS_3 LAP TIME,START_POS_3 ELAPSED TIME,START_POS_4 POSITION,START_POS_4 LAP TIME,START_POS_4 ELAPSED TIME,season,competition,event,gender,round,race
2,16.02,16.02,3,16.18,16.18,4,16.30,16.30,1,15.81,15.81,2019-2020,ISU World Junior Short Track Championships 2020 - Bormio (ITA),1000m,w,Preliminaries,7
2,11.20,27.22,3,11.15,27.33,4,11.14,27.44,1,11.32,27.13,2019-2020,ISU World Junior Short Track Championships 2020 - Bormio (ITA),1000m,w,Preliminaries,7
2,10.84,38.06,3,10.85,38.18,4,10.83,38.27,1,10.84,37.97,2019-2020,ISU World Junior Short Track Championships 2020 - Bormio (ITA),1000m,w,Preliminaries,7
1,10.21,48.27,3,10.25,48.43,4,10.33,48.60,2,10.45,48.42,2019-2020,ISU World Junior Short Track Championships 2020 - Bormio (ITA),1000m,w,Preliminaries,7
1,10.10,58.37,2,10.02,58.45,3,9.97,58.57,4,10.33,58.75,2019-2020,ISU World Junior Short Track Championships 2020 - Bormio (ITA),1000m,w,Preliminaries,7
1,10.10,1:08.47,2,10.15,1:08.60,3,10.17,1:08.74,4,10.17,1:08.92,2019-2020,ISU World Junior Short Track Championships 2020 - Bormio (ITA),1000m,w,Preliminaries,7
1,9.97,1:18.44,2,9.94,1:18.54,3,10.11,1:18.85,4,10.09,1:19.01,2019-2020,ISU World Junior Short Track Championships 2020 - Bormio (ITA),1000m,w,Preliminaries,7
1,10.01,1:28.45,2,9.97,1:28.51,3,10.42,1:29.27,4,10.36,1:29.37,2019-2020,ISU World Junior Short Track Championships 2020 - Bormio (ITA),1000m,w,Preliminaries,7
1,10.13,1:38.58,2,10.18,1:38.69,3,10.69,1:39.96,4,10.71,1:40.08,2019-2020,ISU World Junior Short Track Championships 2020 - Bormio (ITA),1000m,w,Preliminaries,7
