START_POS_1 POSITION,START_POS_1 LAP TIME,START_POS_1 ELAPSED TIME,START_POS_2 POSITION,START_POS_2 LAP TIME,START_POS_2 ELAPSED TIME,START_POS_3 POSITION,START_POS_3 LAP TIME,START_POS_3 ELAPSED TIME,START_POS_4 POSITION,START_POS_4 LAP TIME,START_POS_4 ELAPSED TIME,START_POS_5 POSITION,START_POS_5 LAP TIME,START_POS_5 ELAPSED TIME,season,competition,event,gender,round,race
1,13.58,13.58,5,13.88,13.88,3,13.74,13.74,2,13.66,13.66,4,13.81,13.81,2019-2020,ISU World Cup 2019/20 - Dordrecht (NED),1000m(1),m,Quarterfinals,4
1,10.75,24.33,5,10.87,24.75,3,10.79,24.53,4,10.97,24.63,2,10.62,24.43,2019-2020,ISU World Cup 2019/20 - Dordrecht (NED),1000m(1),m,Quarterfinals,4
2,10.03,34.36,5,9.86,34.61,4,10.00,34.53,3,9.80,34.43,1,9.84,34.27,2019-2020,ISU World Cup 2019/20 - Dordrecht (NED),1000m(1),m,Quarterfinals,4
1,9.50,43.86,5,9.64,44.25,4,9.64,44.17,2,9.55,43.98,3,9.73,44.00,2019-2020,ISU World Cup 2019/20 - Dordrecht (NED),1000m(1),m,Quarterfinals,4
1,9.08,52.94,5,9.07,53.32,4,9.05,53.22,2,9.06,53.04,3,9.12,53.12,2019-2020,ISU World Cup 2019/20 - Dordrecht (NED),1000m(1),m,Quarterfinals,4
1,8.78,1:01.72,5,8.89,1:02.21,4,8.82,1:02.04,2,8.88,1:01.92,2,8.80,1:01.92,2019-2020,ISU World Cup 2019/20 - Dordrecht (NED),1000m(1),m,Quarterfinals,4
1,8.77,1:10.49,5,8.69,1:10.90,4,8.77,1:10.81,3,8.80,1:10.72,2,8.73,1:10.65,2019-2020,ISU World Cup 2019/20 - Dordrecht (NED),1000m(1),m,Quarterfinals,4
1,8.79,1:19.28,4,8.78,1:19.68,5,8.88,1:19.69,3,8.83,1:19.55,2,8.79,1:19.44,2019-2020,ISU World Cup 2019/20 - Dordrecht (NED),1000m(1),m,Quarterfinals,4
1,8.97,1:28.25,4,8.90,1:28.580,5,9.39,1:29.083,3,8.97,1:28.52,2,9.03,1:28.47,2019-2020,ISU World Cup 2019/20 - Dordrecht (NED),1000m(1),m,Quarterfinals,4
