Tereza PFEIFEROVA POSITION,Tereza PFEIFEROVA LAP TIME,Tereza PFEIFEROVA ELAPSED TIME,OLLIVIER Cloe POSITION,OLLIVIER Cloe LAP TIME,OLLIVIER Cloe ELAPSED TIME,LI Xuan POSITION,LI Xuan LAP TIME,LI Xuan ELAPSED TIME,Yuliia BERESNEVA POSITION,Yuliia BERESNEVA LAP TIME,Yuliia BERESNEVA ELAPSED TIME,Jana DOMBROVSKAYA POSITION,Jana DOMBROVSKAYA LAP TIME,Jana DOMBROVSKAYA ELAPSED TIME
4,14.23,14.23,2,14.08,14.08,1,13.93,13.93,3,14.12,14.12,5,14.48,14.48
4,10.59,24.82,3,10.60,24.68,1,10.56,24.49,2,10.47,24.59,5,10.48,24.96
3,9.89,34.71,4,10.19,34.87,1,10.09,34.58,2,10.11,34.70,5,10.10,35.06
3,9.67,44.38,4,9.63,44.50,1,9.62,44.20,2,9.58,44.28,5,9.75,44.81
3,9.78,54.16,4,9.84,54.34,1,9.73,53.93,2,9.75,54.03,5,9.85,54.66
3,9.69,1:03.85,4,9.68,1:04.02,1,9.62,1:03.55,2,9.62,1:03.65,5,10.16,1:04.82
3,9.67,1:13.52,4,10.00,1:14.02,1,9.65,1:13.20,2,9.63,1:13.28,5,10.44,1:15.26
3,9.78,1:23.30,4,10.44,1:24.46,1,9.78,1:22.98,2,9.80,1:23.08,5,10.76,1:26.02
3,9.93,1:33.23,4,10.71,1:35.17,1,9.85,1:32.83,2,9.82,1:32.90,5,10.98,1:37.00
