SHAOANG Liu POSITION,SHAOANG Liu LAP TIME,SHAOANG Liu ELAPSED TIME,de LAAT Itzhak POSITION,de LAAT Itzhak LAP TIME,de LAAT Itzhak ELAPSED TIME,Alexis MARCEAU POSITION,Alexis MARCEAU LAP TIME,Alexis MARCEAU ELAPSED TIME,BING Zekai POSITION,BING Zekai LAP TIME,BING Zekai ELAPSED TIME,Sebastien GAGNON POSITION,Sebastien GAGNON LAP TIME,Sebastien GAGNON ELAPSED TIME
1,12.07,12.07,1,12.07,12.07,4,12.37,12.37,3,12.25,12.25,5,12.57,12.57
2,9.36,21.43,3,9.47,21.54,5,9.32,21.69,1,9.03,21.28,4,9.04,21.61
2,9.24,30.67,3,9.29,30.83,4,9.29,30.98,1,9.38,30.66,5,9.45,31.06
1,9.19,39.86,1,9.03,39.86,5,9.05,40.03,3,9.28,39.94,4,8.96,40.02
1,9.03,48.89,4,9.28,49.14,5,9.18,49.21,2,9.07,49.01,3,9.06,49.08
1,8.86,57.75,4,9.06,58.20,5,9.13,58.34,3,9.06,58.07,2,8.93,58.01
2,9.40,1:07.15,3,9.05,1:07.25,5,9.19,1:07.53,3,9.18,1:07.25,1,8.87,1:06.88
1,8.86,1:16.01,3,9.18,1:16.43,4,9.03,1:16.56,5,9.87,1:17.12,2,9.44,1:16.32
1,9.40,1:25.417,3,9.28,1:25.713,4,9.33,1:25.890,5,10.12,1:27.244,2,9.26,1:25.589
