START_POS_1 POSITION,START_POS_1 LAP TIME,START_POS_1 ELAPSED TIME,START_POS_2 POSITION,START_POS_2 LAP TIME,START_POS_2 ELAPSED TIME,START_POS_3 POSITION,START_POS_3 LAP TIME,START_POS_3 ELAPSED TIME,START_POS_4 POSITION,START_POS_4 LAP TIME,START_POS_4 ELAPSED TIME,START_POS_5 POSITION,START_POS_5 LAP TIME,START_POS_5 ELAPSED TIME,season,competition,event,gender,round,race
1,13.52,13.52,4,13.66,,2,13.53,13.53,5,13.91,13.91,3,13.64,13.64,2019-2020,ISU World Cup  2019/20 - Montreal (CAN),1000m(1),m,Heats,6
2,9.55,23.07,2,9.41,,1,9.46,22.99,5,9.41,23.32,4,9.58,23.22,2019-2020,ISU World Cup  2019/20 - Montreal (CAN),1000m(1),m,Heats,6
2,9.36,32.43,4,9.50,,1,9.32,32.31,3,9.14,32.46,5,9.45,32.67,2019-2020,ISU World Cup  2019/20 - Montreal (CAN),1000m(1),m,Heats,6
3,9.05,41.48,4,9.07,,1,9.04,41.35,2,8.95,41.41,5,9.09,41.76,2019-2020,ISU World Cup  2019/20 - Montreal (CAN),1000m(1),m,Heats,6
3,9.25,50.73,5,9.23,,1,9.13,50.48,2,9.22,50.63,4,9.07,50.83,2019-2020,ISU World Cup  2019/20 - Montreal (CAN),1000m(1),m,Heats,6
2,9.04,59.77,4,9.19,,1,9.16,59.64,3,9.31,59.94,5,9.34,1:00.17,2019-2020,ISU World Cup  2019/20 - Montreal (CAN),1000m(1),m,Heats,6
2,9.05,1:08.82,4,8.98,,1,9.04,1:08.68,3,9.07,1:09.01,5,9.05,1:09.22,2019-2020,ISU World Cup  2019/20 - Montreal (CAN),1000m(1),m,Heats,6
2,9.08,1:17.90,3,8.97,,1,9.14,1:17.82,5,9.22,1:18.23,4,9.00,1:18.22,2019-2020,ISU World Cup  2019/20 - Montreal (CAN),1000m(1),m,Heats,6
5,39.32,1:57.22,4,10.29,,1,9.47,1:27.29,3,9.62,1:27.85,2,9.21,1:27.43,2019-2020,ISU World Cup  2019/20 - Montreal (CAN),1000m(1),m,Heats,6
