START_POS_1 POSITION,START_POS_1 LAP TIME,START_POS_1 ELAPSED TIME,START_POS_2 POSITION,START_POS_2 LAP TIME,START_POS_2 ELAPSED TIME,START_POS_3 POSITION,START_POS_3 LAP TIME,START_POS_3 ELAPSED TIME,START_POS_4 POSITION,START_POS_4 LAP TIME,START_POS_4 ELAPSED TIME,START_POS_5 POSITION,START_POS_5 LAP TIME,START_POS_5 ELAPSED TIME,season,competition,event,gender,round,race
3,13.59,13.59,2,13.57,13.57,1,13.50,13.50,5,13.99,13.99,4,13.82,13.82,2019-2020,ISU World Cup 2019/20 - Nagoya (JPN),1000m,m,Rep.Semifinals,2
4,10.48,24.07,3,10.45,24.02,2,10.37,23.87,5,10.25,24.24,1,10.02,23.84,2019-2020,ISU World Cup 2019/20 - Nagoya (JPN),1000m,m,Rep.Semifinals,2
3,9.27,33.34,4,9.42,33.44,2,9.34,33.21,5,9.32,33.56,1,9.27,33.11,2019-2020,ISU World Cup 2019/20 - Nagoya (JPN),1000m,m,Rep.Semifinals,2
3,9.36,42.70,4,9.40,42.84,2,9.46,42.67,5,9.40,42.96,1,9.48,42.59,2019-2020,ISU World Cup 2019/20 - Nagoya (JPN),1000m,m,Rep.Semifinals,2
2,9.28,51.98,4,9.37,52.21,3,9.40,52.07,5,9.36,52.32,1,9.25,51.84,2019-2020,ISU World Cup 2019/20 - Nagoya (JPN),1000m,m,Rep.Semifinals,2
3,9.19,1:01.17,4,9.09,1:01.30,2,9.07,1:01.14,5,9.09,1:01.41,1,9.15,1:00.99,2019-2020,ISU World Cup 2019/20 - Nagoya (JPN),1000m,m,Rep.Semifinals,2
2,9.02,1:10.19,5,9.12,1:10.42,3,9.14,1:10.28,4,9.00,1:10.41,1,9.09,1:10.08,2019-2020,ISU World Cup 2019/20 - Nagoya (JPN),1000m,m,Rep.Semifinals,2
2,9.18,1:19.37,5,9.29,1:19.71,3,9.20,1:19.48,4,9.14,1:19.55,1,9.16,1:19.24,2019-2020,ISU World Cup 2019/20 - Nagoya (JPN),1000m,m,Rep.Semifinals,2
5,9.50,1:28.870,4,9.11,1:28.824,2,9.07,1:28.558,3,9.16,1:28.713,1,9.25,1:28.49,2019-2020,ISU World Cup 2019/20 - Nagoya (JPN),1000m,m,Rep.Semifinals,2
