START_POS_1 POSITION,START_POS_1 LAP TIME,START_POS_1 ELAPSED TIME,START_POS_2 POSITION,START_POS_2 LAP TIME,START_POS_2 ELAPSED TIME,START_POS_3 POSITION,START_POS_3 LAP TIME,START_POS_3 ELAPSED TIME,START_POS_4 POSITION,START_POS_4 LAP TIME,START_POS_4 ELAPSED TIME,START_POS_5 POSITION,START_POS_5 LAP TIME,START_POS_5 ELAPSED TIME,season,competition,event,gender,round,race
1,13.66,13.66,2,13.82,13.82,4,14.24,14.24,3,13.91,13.91,5,14.36,14.36,2019-2020,ISU World Cup 2019/20 - Dordrecht (NED),1000m(1),w,Heats,1
1,10.35,24.01,2,10.30,24.12,4,10.13,24.37,3,10.31,24.22,5,10.12,24.48,2019-2020,ISU World Cup 2019/20 - Dordrecht (NED),1000m(1),w,Heats,1
1,10.38,34.39,2,10.36,34.48,4,10.30,34.67,3,10.34,34.56,5,10.27,34.75,2019-2020,ISU World Cup 2019/20 - Dordrecht (NED),1000m(1),w,Heats,1
3,10.55,44.94,1,10.39,44.87,5,10.38,45.05,4,10.43,44.99,2,10.17,44.92,2019-2020,ISU World Cup 2019/20 - Dordrecht (NED),1000m(1),w,Heats,1
5,10.19,55.13,3,9.95,54.82,2,9.60,54.65,4,9.94,54.93,1,9.64,54.56,2019-2020,ISU World Cup 2019/20 - Dordrecht (NED),1000m(1),w,Heats,1
5,10.05,1:05.18,3,9.60,1:04.42,2,9.60,1:04.25,4,9.65,1:04.58,1,9.59,1:04.15,2019-2020,ISU World Cup 2019/20 - Dordrecht (NED),1000m(1),w,Heats,1
5,10.59,1:15.77,3,9.77,1:14.19,1,9.67,1:13.92,4,9.76,1:14.34,2,9.83,1:13.98,2019-2020,ISU World Cup 2019/20 - Dordrecht (NED),1000m(1),w,Heats,1
5,11.11,1:26.88,3,10.04,1:24.23,1,9.78,1:23.70,4,10.19,1:24.53,2,10.11,1:24.09,2019-2020,ISU World Cup 2019/20 - Dordrecht (NED),1000m(1),w,Heats,1
5,11.43,1:38.31,3,10.34,1:34.57,1,9.86,1:33.56,4,10.58,1:35.11,2,10.34,1:34.43,2019-2020,ISU World Cup 2019/20 - Dordrecht (NED),1000m(1),w,Heats,1
