START_POS_1 POSITION,START_POS_1 LAP TIME,START_POS_1 ELAPSED TIME,START_POS_2 POSITION,START_POS_2 LAP TIME,START_POS_2 ELAPSED TIME,START_POS_3 POSITION,START_POS_3 LAP TIME,START_POS_3 ELAPSED TIME,START_POS_4 POSITION,START_POS_4 LAP TIME,START_POS_4 ELAPSED TIME,START_POS_5 POSITION,START_POS_5 LAP TIME,START_POS_5 ELAPSED TIME,season,competition,event,gender,round,race
4,14.95,14.95,2,14.74,14.74,5,15.06,15.06,1,14.61,14.61,3,14.85,14.85,2019-2020,ISU World Junior Short Track Championships 2020 - Bormio (ITA),1000m,w,Preliminaries,11
4,11.42,26.37,2,11.37,26.11,5,11.44,26.50,1,11.37,25.98,3,11.40,26.25,2019-2020,ISU World Junior Short Track Championships 2020 - Bormio (ITA),1000m,w,Preliminaries,11
4,10.57,36.94,2,10.58,36.69,5,10.60,37.10,1,10.62,36.60,3,10.58,36.83,2019-2020,ISU World Junior Short Track Championships 2020 - Bormio (ITA),1000m,w,Preliminaries,11
4,9.89,46.83,2,9.97,46.66,5,10.02,47.12,1,9.98,46.58,3,9.93,46.76,2019-2020,ISU World Junior Short Track Championships 2020 - Bormio (ITA),1000m,w,Preliminaries,11
4,9.85,56.68,1,9.66,56.32,5,10.04,57.16,2,9.75,56.33,3,9.70,56.46,2019-2020,ISU World Junior Short Track Championships 2020 - Bormio (ITA),1000m,w,Preliminaries,11
4,9.65,1:06.33,1,9.50,1:05.82,5,10.45,1:07.61,2,9.75,1:06.08,2,9.62,1:06.08,2019-2020,ISU World Junior Short Track Championships 2020 - Bormio (ITA),1000m,w,Preliminaries,11
4,9.70,1:16.03,2,9.65,1:15.47,5,10.96,1:18.57,3,9.76,1:15.84,1,9.20,1:15.28,2019-2020,ISU World Junior Short Track Championships 2020 - Bormio (ITA),1000m,w,Preliminaries,11
4,9.98,1:26.01,2,9.75,1:25.22,5,11.97,1:30.54,3,10.06,1:25.90,1,9.48,1:24.76,2019-2020,ISU World Junior Short Track Championships 2020 - Bormio (ITA),1000m,w,Preliminaries,11
0,10.20,1:36.21,2,10.03,1:35.25,5,12.05,1:42.59,0,10.27,1:36.17,1,9.82,1:34.58,2019-2020,ISU World Junior Short Track Championships 2020 - Bormio (ITA),1000m,w,Preliminaries,11
