START_POS_1 POSITION,START_POS_1 LAP TIME,START_POS_1 ELAPSED TIME,START_POS_2 POSITION,START_POS_2 LAP TIME,START_POS_2 ELAPSED TIME,START_POS_3 POSITION,START_POS_3 LAP TIME,START_POS_3 ELAPSED TIME,START_POS_4 POSITION,START_POS_4 LAP TIME,START_POS_4 ELAPSED TIME,START_POS_5 POSITION,START_POS_5 LAP TIME,START_POS_5 ELAPSED TIME,season,competition,event,gender,round,race
4,13.26,13.26,2,13.07,,1,12.96,12.96,3,13.17,13.17,5,13.44,13.44,2019-2020,ISU World Cup  2019/20 - Montreal (CAN),1000m(2),m,Quarterfinals,2
3,9.87,23.13,4,10.08,,2,10.09,23.05,1,9.74,22.91,5,9.87,23.31,2019-2020,ISU World Cup  2019/20 - Montreal (CAN),1000m(2),m,Quarterfinals,2
4,9.70,32.83,3,9.67,,2,9.65,32.70,1,9.74,32.65,5,9.69,33.00,2019-2020,ISU World Cup  2019/20 - Montreal (CAN),1000m(2),m,Quarterfinals,2
4,9.02,41.85,2,8.80,,1,8.70,41.40,3,9.03,41.68,5,8.95,41.95,2019-2020,ISU World Cup  2019/20 - Montreal (CAN),1000m(2),m,Quarterfinals,2
4,8.89,50.74,2,8.93,,1,9.06,50.46,3,8.94,50.62,5,8.92,50.87,2019-2020,ISU World Cup  2019/20 - Montreal (CAN),1000m(2),m,Quarterfinals,2
5,9.18,59.92,2,9.14,,1,9.11,59.57,3,9.22,59.84,4,9.04,59.91,2019-2020,ISU World Cup  2019/20 - Montreal (CAN),1000m(2),m,Quarterfinals,2
5,9.19,1:09.11,2,9.06,,1,9.10,1:08.67,3,9.06,1:08.90,4,9.11,1:09.02,2019-2020,ISU World Cup  2019/20 - Montreal (CAN),1000m(2),m,Quarterfinals,2
4,8.95,1:18.06,2,9.15,,1,9.15,1:17.82,3,9.10,1:18.00,5,9.10,1:18.12,2019-2020,ISU World Cup  2019/20 - Montreal (CAN),1000m(2),m,Quarterfinals,2
0,9.10,1:27.16,,,,0,9.37,1:27.19,4,9.64,1:27.646,3,9.17,1:27.294,2019-2020,ISU World Cup  2019/20 - Montreal (CAN),1000m(2),m,Quarterfinals,2
