TRAN Aaron POSITION,TRAN Aaron LAP TIME,TRAN Aaron ELAPSED TIME,BYKANOV Vladislav POSITION,BYKANOV Vladislav LAP TIME,BYKANOV Vladislav ELAPSED TIME,KIM Dong Wook POSITION,KIM Dong Wook LAP TIME,KIM Dong Wook ELAPSED TIME,VANHOOREN Rino POSITION,VANHOOREN Rino LAP TIME,VANHOOREN Rino ELAPSED TIME,NIKISHA Denis POSITION,NIKISHA Denis LAP TIME,NIKISHA Denis ELAPSED TIME
3,13.00,13.00,1,12.75,12.75,2,12.92,12.92,4,13.08,13.08,5,13.18,13.18
3,10.09,23.09,1,10.15,22.90,2,10.10,23.02,4,10.12,23.20,5,10.10,23.28
3,9.99,33.08,2,10.04,32.94,1,9.90,32.92,4,10.00,33.20,5,9.99,33.27
2,9.18,42.26,3,9.44,42.38,1,9.32,42.24,5,9.34,42.54,4,9.22,42.49
1,8.94,51.20,2,8.96,51.34,3,9.11,51.35,5,9.07,51.61,4,9.02,51.51
1,9.37,1:00.57,2,9.33,1:00.67,5,9.48,1:00.83,4,9.19,1:00.80,3,9.18,1:00.69
1,9.11,1:09.68,2,9.15,1:09.82,3,9.02,1:09.85,4,9.13,1:09.93,5,9.27,1:09.96
2,9.12,1:18.80,3,9.00,1:18.82,1,8.81,1:18.66,5,9.20,1:19.13,4,9.01,1:18.97
5,10.18,1:28.988,2,9.02,1:27.846,1,8.99,1:27.652,4,8.97,1:28.100,3,8.95,1:27.927
